302 266 89 72 63
104 319 215 206 197
285 681 20 13 11
374 564 53 37 37
436 661 39 25 24
296 340 99 89 80
247 576 20 21 23
180 366 228 230 227
311 583 29 28 33
498 69 8 5 6
282 708 89 89 91
415 464 63 46 32
170 180 218 220 217
302 260 97 79 69
399 104 104 98 97
288 622 40 26 25
439 362 74 87 69
478 138 20 15 12
349 485 107 102 96
333 15 145 146 145
306 611 51 35 36
15 217 202 195 189
250 157 128 123 120
56 647 167 172 178
311 31 189 195 191
264 14 185 192 185
305 225 135 132 123
335 473 116 111 105
471 92 11 7 6
198 132 186 185 181
64 313 169 156 147
335 20 93 82 80
179 623 64 67 77
218 3 198 204 202
163 279 208 205 200
388 286 30 21 20
131 540 212 203 191
54 132 112 113 118
383 706 53 43 44
482 622 40 26 26
66 566 157 158 154
271 703 95 97 96
257 652 206 209 214
251 541 18 18 18
112 504 235 227 216
48 517 150 152 149
336 697 52 43 46
182 183 188 190 185
289 619 48 34 34
201 175 53 47 43
479 516 41 25 25
354 417 104 98 86
149 289 153 150 145
75 682 154 158 159
495 315 10 12 7
188 465 227 228 223
442 614 48 33 30
178 335 224 225 227
467 713 36 22 21
211 44 62 66 77
307 306 155 147 134
20 228 206 199 191
285 3 182 191 188
194 620 153 161 180
45 376 66 66 74
219 79 138 125 89
422 387 43 32 25
338 68 107 94 90
181 218 158 134 125
379 346 33 32 27
28 577 152 156 157
112 128 12 10 11
10 283 80 83 90
96 78 10 10 12
76 646 146 150 151
421 211 10 6 5
482 127 17 11 11
112 75 21 22 26
467 301 26 28 33
117 563 216 220 223
218 571 204 193 176
190 665 213 220 228
313 140 120 119 120
379 650 46 34 34
144 323 173 163 154
271 494 130 127 119
158 663 199 205 217
167 233 174 166 155
329 448 138 133 127
250 177 170 169 165
457 610 44 30 29
315 383 143 140 132
86 715 150 155 158
385 17 54 52 55
36 140 140 142 133
257 403 10 9 7
481 566 40 25 22
54 568 134 136 131
237 143 112 98 91
3 190 205 200 194
400 13 55 50 52
304 498 136 135 130
164 682 146 151 155
455 675 36 22 21
323 451 115 110 104
134 46 139 136 124
251 684 210 217 223
398 377 37 35 38
245 635 176 182 176
14 280 71 72 79
355 689 52 42 43
193 710 204 212 223
347 84 108 100 98
340 168 69 59 55
437 600 49 33 33
496 95 11 9 10
282 293 15 13 14
56 204 195 188 180
62 664 166 172 177
416 506 29 29 29
452 418 16 16 26
287 556 23 24 27
325 112 86 73 67
70 442 68 72 81
270 453 163 160 155
270 668 94 94 92
318 630 52 38 38
94 40 130 133 138
181 325 182 178 175
384 77 101 90 85
135 160 218 222 221
449 681 37 26 22
428 646 41 27 26
490 524 38 23 20
171 196 213 211 206
397 555 56 38 35
457 686 31 21 19
279 162 131 130 126
135 654 124 130 128
385 169 14 10 10
499 85 5 3 4
288 712 20 10 11
81 718 151 156 159
284 123 150 148 149
259 687 209 216 222
163 307 148 143 132
97 453 223 213 201
42 611 162 166 169
130 177 215 217 216
122 684 139 145 143
37 543 153 157 156
377 468 98 91 81
65 12 141 145 152
462 26 115 111 112
23 657 151 155 154
9 293 80 85 91
380 688 46 38 38
392 438 21 14 10
115 122 7 7 7
199 211 130 118 118
271 162 123 119 116
436 436 81 52 50
181 432 230 231 226
101 317 211 202 193
43 200 204 196 190
475 125 20 15 12
289 384 102 95 85
236 144 110 96 88
298 295 142 133 117
99 7 128 132 133
113 505 239 231 220
452 385 21 19 29
205 139 161 156 150
270 486 166 166 161
91 11 127 131 134
374 355 33 20 17
356 504 102 98 89
298 499 149 148 143
71 711 165 169 170
106 270 213 206 198
300 405 116 110 98
158 631 213 222 231
181 425 234 235 230
359 213 10 6 6
388 636 48 32 33
46 363 66 67 72
81 408 69 64 68
271 409 111 92 76
34 147 199 192 184
94 119 10 10 10
411 551 55 37 35
103 445 232 220 206
209 426 218 219 213
225 288 120 106 102
109 92 7 7 7
350 398 111 107 95
456 427 12 15 24
211 235 148 134 134
414 598 53 38 35
483 87 14 10 8
136 426 233 222 204
107 62 93 97 83
28 154 115 108 98
443 166 22 17 14
165 484 226 227 222
411 229 30 24 24
47 390 57 57 65
108 288 153 142 130
165 656 209 215 227
282 21 195 201 197
424 329 11 13 12
485 319 117 120 135
444 565 46 31 28
483 222 17 12 9
498 246 26 17 18
288 510 130 127 122
357 617 49 33 33
192 281 202 192 191
484 14 89 81 84
191 344 222 224 223
396 564 53 37 37
449 445 90 58 50
92 124 9 9 9
25 163 185 178 170
292 411 115 107 98
336 677 52 40 42
308 558 21 22 24
256 179 167 166 162
86 317 216 206 197
378 446 106 102 91
150 96 10 10 10
356 279 141 130 120
339 506 97 90 81
485 85 11 7 7
446 197 16 12 9
261 576 26 26 29
288 620 41 27 27
466 385 30 29 43
154 409 243 242 238
234 713 209 216 224
369 21 25 20 16
355 23 110 98 98
356 437 106 102 90
194 224 160 136 124
393 49 91 80 76
165 27 87 87 77
132 119 19 23 8
430 311 98 67 32
45 627 173 178 183
255 243 199 196 187
480 595 39 25 24
496 633 38 26 26
82 42 169 174 179
454 662 39 25 25
475 72 28 19 18
235 688 207 214 222
349 152 78 63 57
149 396 200 192 179
432 505 31 31 33
452 585 46 30 28
245 667 211 218 224
236 387 35 33 34
22 398 219 224 230
153 64 16 17 19
18 401 174 172 172
472 516 41 24 22
396 38 95 83 81
460 476 19 19 19
279 99 139 132 150
448 671 40 24 24
475 587 43 27 27
412 230 32 26 26
474 172 20 12 10
53 352 66 64 69
372 424 113 106 98
150 563 225 217 206
147 424 222 215 205
9 87 141 145 146
289 404 123 112 100
126 523 239 229 219
63 501 199 205 214
24 484 150 155 154
174 686 204 210 222
57 472 213 220 228
256 201 172 172 164
452 674 37 23 22
387 398 54 47 39
353 616 50 34 35
441 625 46 30 30
374 160 47 36 35
325 93 91 76 71
96 56 140 145 139
373 250 10 4 4
274 416 96 83 67
271 373 9 7 8
458 213 18 13 10
407 336 24 24 25
460 275 15 10 9
494 291 115 119 130
171 183 221 222 218
87 149 55 42 41
206 514 83 66 59
166 269 214 211 204
216 409 206 206 204
196 109 80 46 18
113 676 148 154 154
484 193 28 20 18
207 527 138 131 121
430 43 254 254 250
428 319 76 73 54
282 77 87 81 100
164 191 186 180 174
51 8 174 178 187
248 658 210 215 220
354 508 106 102 93
47 595 161 162 164
4 298 74 78 87
32 437 159 145 138
145 75 13 13 13
282 614 13 6 7
291 138 146 147 142
70 588 143 148 144
43 136 140 116 138
500 275 5 3 4
132 617 206 212 224
39 362 69 72 77
464 333 60 78 89
488 517 40 22 21
328 600 50 31 33
41 353 70 71 76
331 15 182 190 189
299 18 178 185 178
313 93 97 80 70
234 683 211 218 226
68 470 138 143 147
189 205 124 101 93
59 138 97 93 104
456 355 55 67 53
8 203 207 202 196
73 231 193 184 179
58 29 135 118 117
165 186 189 186 180
458 415 54 54 55
31 166 205 198 190
412 165 26 21 18
231 305 52 42 42
26 435 134 115 109
301 419 114 110 101
340 673 56 42 44
86 95 33 34 39
0 115 194 191 186
486 714 33 19 18
451 326 96 100 104
135 366 219 210 195
37 473 143 145 140
78 249 214 207 199
88 178 172 159 145
183 587 187 178 169
197 383 233 235 232
185 293 214 211 208
386 459 84 77 69
413 17 73 68 70
140 361 221 209 197
311 519 123 118 112
136 581 239 234 225
94 704 147 155 158
230 501 166 166 158
266 69 25 28 34
434 423 15 15 24
182 188 166 160 152
235 297 93 83 81
26 76 157 158 163
218 432 214 213 209
382 246 33 14 14
202 470 222 223 218
129 571 220 213 206
34 479 138 140 137
271 153 97 87 82
150 711 141 147 145
364 229 61 49 49
227 427 182 177 173
478 608 42 26 26
306 306 158 150 139
289 389 125 118 108
280 587 24 23 28
82 209 189 180 171
93 529 217 224 232
451 520 49 29 28
121 97 9 7 8
444 391 95 62 62
298 511 122 119 114
55 381 60 59 64
67 341 210 200 190
263 659 97 98 93
132 638 129 134 137
324 370 137 133 130
147 2 118 115 107
131 542 200 191 180
506 513 37 21 21
152 655 192 199 208
127 284 68 51 44
342 236 31 20 18
112 453 213 202 187
413 462 73 51 38
104 71 21 21 23
273 391 82 64 49
113 633 140 146 144
486 377 129 75 83
489 519 38 22 19
383 708 53 44 45
323 434 114 110 101
56 669 148 152 151
478 555 40 24 24
360 268 44 29 28
22 19 90 56 52
306 314 142 134 124
502 438 15 11 11
350 674 54 42 42
283 110 125 116 112
59 57 162 166 167
197 89 128 113 55
380 185 33 25 23
273 330 14 12 13
129 56 162 167 163
28 142 140 135 123
444 366 106 106 96
301 676 56 41 44
365 499 95 92 83
263 631 80 80 72
46 249 206 197 190
263 217 189 186 179
122 322 193 182 173
132 101 7 7 7
380 69 104 94 93
20 158 156 149 141
282 280 125 118 110
178 130 157 156 154
102 56 73 88 70
490 106 7 5 6
270 599 30 31 35
169 179 212 212 210
405 161 23 18 15
207 117 49 40 26
334 461 108 104 95
367 375 61 46 40
194 87 137 127 64
27 601 142 146 145
66 714 160 164 164
145 165 211 213 212
431 106 107 103 103
251 536 136 121 112
6 290 79 84 90
417 439 44 24 18
78 102 6 6 9
80 503 218 225 233
252 495 123 116 105
144 360 202 190 178
21 346 55 55 63
414 631 44 28 28
149 31 134 134 126
449 71 84 76 70
241 575 26 26 26
409 293 50 49 54
21 288 76 79 86
447 125 16 11 8
70 641 155 159 160
395 666 46 32 31
199 445 228 229 223
329 259 75 53 43
389 164 10 6 7
62 150 163 163 173
387 266 21 19 20
92 37 160 168 177
310 317 142 130 118
84 196 177 164 156
238 407 83 79 78
375 117 24 17 19
151 563 225 217 206
484 367 95 110 99
95 324 220 210 200
202 694 211 218 228
18 568 146 148 145
284 333 38 34 33
219 152 123 110 102
229 213 63 57 50
287 573 19 20 22
178 195 196 191 185
1 710 157 161 160
103 523 223 226 232
3 269 76 81 87
257 557 20 20 22
363 180 40 29 27
83 531 208 215 225
77 180 195 185 173
268 537 138 122 99
431 319 96 95 93
322 618 53 37 37
120 324 162 146 131
456 202 18 13 10
237 415 159 158 156
101 15 163 170 176
149 403 223 215 203
104 208 191 182 175
457 471 5 4 4
498 431 16 15 31
323 580 27 26 31
378 701 51 42 43
408 499 11 10 8
330 709 57 46 50
371 290 21 12 13
502 225 21 15 15
76 352 213 203 191
460 700 35 24 22
403 463 82 60 46
313 23 181 187 183
320 529 145 144 140
138 42 139 139 128
50 708 153 158 154
421 267 10 8 9
339 598 49 33 33
475 343 90 111 96
102 268 110 105 86
377 495 16 15 13
286 236 163 162 154
455 635 48 32 32
488 436 22 18 14
352 422 105 99 88
347 510 103 98 92
231 256 126 118 116
170 409 244 246 241
323 161 72 63 58
90 453 83 88 94
297 72 26 26 34
248 604 29 30 35
337 53 94 84 83
387 233 89 87 92
38 532 140 142 139
89 317 208 198 189
496 176 12 8 7
441 474 5 5 5
411 184 12 8 7
287 225 144 140 131
382 181 36 26 25
351 633 53 38 37
316 96 97 83 73
10 326 69 69 77
503 617 40 26 26
70 68 150 151 155
96 399 227 215 201
424 61 209 203 199
372 641 46 31 33
111 394 216 204 192
293 647 52 38 37
165 421 247 249 244
177 22 8 8 8
407 6 89 81 81
421 717 41 29 29
243 652 212 218 224
429 669 44 28 28
387 438 86 82 71
183 192 147 134 128
42 185 194 187 179
158 126 91 96 82
405 662 46 31 31
453 125 22 17 14
267 718 204 211 219
369 495 87 83 74
23 84 143 144 149
353 88 119 110 108
289 636 45 29 30
153 391 166 158 145
373 388 111 104 94
62 408 50 50 58
52 512 140 142 137
134 393 185 175 158
479 442 42 22 24
446 673 42 27 24
286 681 17 8 6
330 678 51 41 42
442 528 52 32 31
384 460 101 94 86
292 372 108 103 92
318 124 86 75 71
437 468 5 3 4
130 407 215 207 188
220 130 164 159 154
360 21 111 100 100
485 15 90 81 81
406 208 12 6 6
34 156 158 151 141
260 699 209 216 224
463 674 36 25 23
192 607 54 58 69
402 12 73 67 70
328 693 56 44 48
226 629 32 33 37
279 599 30 29 34
258 203 175 175 167
129 416 199 191 172
2 584 161 162 164
38 246 206 199 191
26 372 68 71 78
492 535 40 22 20
216 349 166 165 163
382 605 51 35 35
496 281 109 116 126
252 715 209 216 224
48 697 154 159 155
217 350 164 163 161
48 452 215 221 229
328 69 88 73 69
446 37 145 124 113
270 75 83 86 95
446 428 14 14 24
393 572 56 38 38
245 671 211 218 224
213 109 60 31 13
228 555 193 180 165
447 64 107 103 104
283 684 73 73 73
467 361 67 83 72
288 130 152 152 152
490 271 5 2 2
341 279 116 109 103
300 489 140 137 132
304 237 133 128 119
422 392 45 18 17
248 208 196 195 190
419 679 46 31 31
208 9 82 88 88
194 351 230 232 231
81 269 105 99 75
106 510 238 231 221
92 423 222 212 202
240 1 184 190 186
77 369 214 206 193
508 288 120 124 135
499 265 10 6 5
134 89 10 10 10
485 271 6 2 1
410 470 6 5 3
274 422 114 104 95
321 698 52 41 45
292 709 52 42 43
69 154 143 115 145
90 350 203 193 183
98 114 8 8 8
165 211 164 157 141
449 551 45 29 27
111 137 16 16 16
36 701 152 157 153
271 337 15 15 15
506 378 113 30 43
8 243 84 87 94
339 204 58 49 43
13 68 103 78 84
186 404 223 224 219
202 51 42 47 53
417 194 9 5 4
163 342 206 208 206
221 337 45 51 65
177 409 238 238 235
22 484 185 189 196
241 206 193 194 189
71 428 51 56 62
81 677 174 179 185
193 710 204 212 223
477 30 56 48 45
356 346 82 72 64
426 490 8 8 8
281 327 18 16 17
440 68 150 148 153
233 419 170 168 166
306 647 56 40 41
404 242 7 7 7
399 172 10 6 5
237 196 171 169 163
458 51 80 72 72
209 280 199 198 196
292 597 30 29 34
460 300 74 74 82
394 309 16 16 13
234 269 184 180 176
82 651 149 155 154
316 685 53 43 44
288 198 137 133 124
467 375 112 44 52
183 570 205 192 175
279 101 141 133 149
94 423 220 209 198
237 24 37 37 45
86 62 151 155 154
216 530 125 111 100
144 362 209 197 185
41 145 141 90 115
350 95 104 96 94
97 296 185 172 163
150 447 233 234 229
323 437 120 115 107
77 368 215 205 193
289 130 154 154 154
425 717 42 31 29
382 440 109 105 94
152 173 195 195 190
136 618 206 214 225
426 477 6 4 5
53 495 136 135 130
371 418 113 106 96
487 294 72 72 73
196 558 201 189 175
145 665 127 131 130
171 409 242 244 240
393 181 9 5 4
165 332 237 239 238
181 446 227 228 223
386 561 59 41 39
389 594 57 38 40
366 539 35 34 39
145 386 138 129 116
394 487 10 8 9
229 503 174 174 166
224 659 211 218 224
291 526 146 146 138
301 84 101 87 79
50 719 164 168 167
174 528 220 220 218
392 398 54 47 40
338 287 88 85 81
349 670 53 41 41
46 544 149 149 147
234 122 150 142 139
224 282 148 135 126
413 229 25 18 18
164 41 70 68 56
338 196 75 68 62
345 650 52 37 40
500 2 65 55 54
99 84 9 9 10
409 404 38 34 34
260 573 22 23 25
285 400 113 99 85
58 580 141 146 140
14 305 81 81 89
243 511 148 145 135
100 659 149 153 154
340 700 54 43 47
81 523 210 217 227
125 654 129 137 140
47 58 162 166 167
202 315 142 122 121
156 321 121 110 106
320 74 97 79 75
168 378 221 222 217
241 567 23 22 24
235 317 25 16 17
59 708 160 164 163
165 498 229 229 226
24 470 140 141 142
403 637 49 33 34
472 115 16 12 9
30 538 179 183 190
121 614 132 136 137
473 566 42 27 24
359 672 52 42 41
407 434 19 11 9
40 47 116 50 54
208 166 164 158 154
64 505 197 201 211
281 644 55 51 47
66 354 223 214 205
245 384 23 23 23
315 548 20 21 23
158 261 175 162 147
488 263 21 13 11
49 515 141 143 140
309 625 53 37 38
92 247 195 183 175
59 131 36 40 49
324 574 27 26 31
251 647 206 211 215
437 680 40 26 25
307 172 63 56 48
161 168 156 147 138
472 312 110 110 120
181 235 163 136 129
172 694 172 178 186
484 702 32 21 19
371 78 28 21 19
320 323 149 142 134
373 334 11 7 4
374 638 48 34 34
43 546 145 145 143
321 320 152 147 139
204 384 211 211 209
119 0 116 123 120
258 344 25 25 27
434 475 5 3 4
247 27 30 33 39
416 417 14 14 22
225 632 30 31 35
56 209 173 166 159
191 629 235 236 240
66 381 49 46 51
177 593 109 113 125
128 297 138 120 107
412 190 12 8 7
423 626 47 32 30
36 622 156 160 163
234 370 37 35 38
191 79 140 73 119
74 94 7 7 8
309 466 113 110 103
482 348 99 101 37
174 553 188 176 159
144 166 211 213 212
183 441 229 230 225
136 530 238 228 216
376 671 48 36 38
410 174 18 14 11
11 203 204 199 193
3 402 130 125 122
462 455 4 1 4
44 246 201 192 185
122 412 221 212 197
500 690 34 23 21
195 149 199 199 197
40 458 150 135 128
432 475 5 3 4
269 126 164 162 161
342 675 52 38 41
340 514 107 102 96
263 495 122 118 107
203 638 37 36 42
87 166 176 180 184
443 381 57 55 60
128 459 229 217 201
264 505 125 121 112
226 434 205 203 198
304 378 135 130 122
164 613 138 125 115
318 571 27 26 31
135 173 219 222 221
306 578 30 29 34
57 221 203 194 189
508 648 34 24 22
339 509 98 91 83
506 94 6 4 5
233 573 33 31 29
360 123 109 99 96
212 101 88 65 24
271 95 77 82 72
186 463 224 225 220
154 391 163 157 145
28 570 146 150 149
403 264 24 17 16
285 674 18 10 9
506 493 36 21 18
372 671 47 35 37
283 666 46 44 41
128 210 215 216 218
370 282 9 5 4
305 406 112 105 95
167 21 68 64 52
133 695 142 148 148
471 245 13 7 7
228 67 137 137 145
475 408 76 68 75
284 659 16 8 5
86 362 216 206 196
6 551 154 156 153
140 559 237 228 219
90 701 148 154 154
145 577 228 220 209
140 62 22 23 27
434 18 90 80 81
267 316 13 13 15
244 146 100 85 80
173 596 93 97 109
77 619 150 154 153
507 309 34 22 22
173 233 196 191 182
213 73 128 115 71
447 605 43 28 25
494 671 35 24 22
355 638 53 37 37
481 552 40 24 24
165 125 94 92 81
257 646 206 210 214
268 437 149 144 138
128 154 218 222 223
372 55 68 61 55
64 425 62 65 74
303 38 165 173 164
308 633 50 34 35
307 92 102 85 75
56 484 207 211 220
178 297 217 215 211
147 306 141 134 128
435 497 24 24 26
377 312 54 35 31
80 517 214 221 231
148 431 240 237 232
441 227 16 12 11
368 263 35 19 19
149 273 204 198 192
400 386 40 13 13
422 131 59 48 46
387 474 64 55 47
294 180 127 124 117
301 365 45 42 40
299 303 150 142 128
417 274 8 7 7
442 287 37 37 45
445 535 48 30 28
74 384 148 144 143
132 229 213 215 214
277 468 168 169 164
197 373 237 239 236
264 606 32 31 36
176 70 139 145 141
387 718 48 43 40
70 154 142 110 138
484 109 12 8 7
411 291 38 37 42
277 94 117 54 89
4 187 216 211 205
216 410 206 206 204
114 375 217 205 193
167 434 243 244 239
388 557 55 38 36
267 543 19 16 15
492 525 38 23 20
495 442 52 41 41
74 577 143 146 141
31 609 157 159 158
399 686 45 33 33
196 561 194 182 168
221 250 151 141 140
421 210 10 6 5
33 30 168 172 183
477 588 41 25 25
462 10 115 111 110
410 520 34 34 36
179 349 236 240 239
25 226 195 188 182
230 667 214 221 229
325 619 48 32 33
417 90 126 125 130
229 359 31 27 25
187 307 165 158 156
35 551 194 201 210
61 471 218 225 233
316 248 70 51 38
213 157 130 121 111
425 716 39 28 26
307 697 54 44 45
139 235 202 201 197
275 455 164 161 155
106 427 223 211 197
470 702 29 18 16
336 695 52 41 45
248 710 209 216 224
249 456 205 206 201
434 167 24 19 16
408 281 51 44 44
221 329 58 67 80
191 354 235 239 238
189 406 220 221 216
60 382 63 61 66
188 662 212 219 227
498 117 17 13 14
231 503 165 162 155
379 37 106 99 93
112 481 227 217 205
292 448 143 140 131
160 614 170 157 144
122 166 221 223 226
151 239 180 167 152
274 71 23 22 28
375 256 16 11 8
82 419 65 60 66
6 468 146 149 154
34 275 221 215 211
200 33 33 36 43
182 646 214 221 227
403 558 56 38 36
37 402 74 77 84
126 336 137 130 113
292 454 144 141 132
406 522 34 35 37
185 41 9 10 12
62 456 157 162 168
12 38 77 42 32
347 193 42 31 29
162 318 177 172 169
206 388 190 190 188
310 416 122 117 111
178 13 8 8 10
274 669 94 94 92
101 644 114 118 119
0 361 161 130 126
508 361 15 16 28
426 0 101 89 89
426 719 39 28 26
0 98 137 138 146
508 98 6 4 5
438 0 94 81 79
438 719 44 30 29
0 231 86 89 96
508 231 18 14 13
179 0 31 35 34
179 719 127 131 130
0 191 205 200 194
508 191 6 4 5
361 0 112 104 102
361 719 51 45 47
0 0 89 55 45
508 0 23 19 20
6 0 85 53 42
6 719 155 159 158
0 271 67 73 79
508 271 12 11 9
408 0 92 83 78
408 719 50 40 38
0 480 148 152 153
508 480 35 20 17
506 0 21 15 17
506 719 55 51 45
0 661 153 155 152
508 661 34 24 22
339 0 172 181 180
339 719 55 44 48
0 642 154 158 157
508 642 36 24 24
23 0 101 103 115
23 719 160 164 163
0 205 197 192 186
508 205 5 3 4
204 0 174 181 174
204 719 208 214 226
0 152 212 209 202
508 152 200 190 164
428 0 100 88 88
428 719 42 29 28
0 458 147 148 150
508 458 12 10 11
373 0 55 51 53
373 719 56 47 48
0 352 125 127 125
508 352 32 32 39
183 0 35 41 40
183 719 130 134 133
0 111 193 190 185
508 111 7 5 6
62 0 153 124 138
62 719 161 165 164
0 502 151 154 155
508 502 34 19 16
100 0 130 134 133
100 719 147 152 155
0 184 197 192 186
508 184 5 3 4
192 0 72 79 71
192 719 198 205 217
0 183 198 193 187
508 183 5 3 4
52 0 164 89 98
52 719 164 168 169
0 445 193 198 204
508 445 60 40 41
317 0 190 196 195
317 719 59 49 50
0 299 69 73 82
508 299 54 54 66
287 0 186 195 192
287 719 42 33 34
0 162 203 203 207
508 162 7 5 6
249 0 189 195 193
249 719 210 217 225
