275 104 105 95 100
304 287 135 129 123
313 273 147 142 136
490 251 45 36 34
136 449 123 115 109
195 598 44 45 50
403 596 50 36 36
106 65 94 90 88
270 163 133 129 126
413 56 135 130 128
162 304 185 184 182
31 564 148 150 147
295 263 135 128 119
431 292 47 49 54
207 482 216 217 212
453 641 42 27 28
359 355 94 84 75
428 103 132 130 135
253 482 155 154 149
467 336 58 74 88
280 691 90 92 91
293 463 137 134 127
259 17 176 183 176
77 40 169 174 178
480 638 40 26 25
310 393 119 115 104
457 243 13 9 8
228 718 209 216 224
347 322 109 102 96
457 57 57 47 46
358 678 49 41 39
149 390 199 190 177
94 253 183 174 167
39 90 13 14 15
204 219 151 141 142
82 699 148 152 153
477 266 31 23 21
138 100 6 7 4
347 636 48 34 33
24 176 207 203 194
227 125 163 159 155
319 411 113 108 102
376 397 110 103 92
34 324 77 78 83
284 352 106 99 81
507 158 6 4 5
468 162 17 12 9
499 675 37 25 23
343 221 33 24 21
262 377 10 9 7
498 670 36 24 24
135 236 197 196 192
330 588 49 30 32
70 642 152 156 157
40 31 192 196 207
190 191 80 66 66
143 655 140 146 145
458 651 40 25 24
228 299 85 77 75
454 573 53 33 32
39 475 143 146 141
58 709 161 165 164
361 279 38 34 33
457 80 52 42 41
117 552 231 224 216
442 303 22 12 5
283 480 148 147 142
1 165 159 159 158
46 699 156 161 157
393 228 11 10 8
191 575 173 155 129
121 686 143 149 147
469 295 63 64 69
16 57 181 184 201
499 318 11 13 8
316 635 53 39 39
503 568 37 23 22
0 448 187 192 198
285 708 68 67 67
77 448 67 73 81
224 87 126 111 67
190 302 197 193 190
191 446 227 228 223
386 688 49 39 38
21 349 46 46 54
167 358 237 239 236
306 37 179 186 178
348 376 118 108 99
444 529 51 31 30
117 51 158 163 158
141 10 179 180 172
339 143 93 79 74
196 10 43 47 53
146 1 119 116 109
340 687 51 41 42
100 554 213 220 230
272 655 91 91 89
40 130 107 94 91
479 200 26 17 16
221 31 52 54 59
0 148 193 190 183
508 148 55 46 38
466 0 98 92 92
466 719 38 24 22
0 643 155 159 158
508 643 36 24 24
396 0 90 81 79
396 719 54 44 43
0 383 168 171 177
508 383 82 26 34
499 0 80 71 67
499 719 28 18 17
0 161 212 213 217
508 161 9 7 8
378 0 30 26 28
378 719 56 49 51
0 705 156 160 159
508 705 35 24 22
29 0 73 70 76
29 719 154 156 155
0 479 140 144 145
508 479 34 19 16
238 0 185 191 187
238 719 209 216 224
0 254 84 89 95
508 254 18 14 13
220 0 201 207 203
220 719 207 214 224
0 266 88 93 99
508 266 7 5 6
297 0 176 185 180
297 719 58 48 49
0 413 138 138 138
508 413 121 96 102
118 0 115 121 119
118 719 141 146 142
0 234 88 91 98
508 234 18 12 12
18 0 82 45 44
18 719 159 163 162
0 623 151 154 153
508 623 33 21 21
311 0 194 200 196
311 719 57 47 48
0 558 159 161 160
508 558 34 20 19
307 0 195 201 197
307 719 55 45 46
0 224 195 191 190
508 224 15 11 10
196 0 123 130 122
196 719 204 210 222
0 55 180 185 201
508 55 15 11 10
218 0 200 206 202
218 719 208 215 225
0 151 208 205 198
508 151 200 187 178
76 0 169 176 186
76 719 159 164 167
0 75 104 78 84
508 75 7 5 6
373 0 55 51 53
373 719 56 47 48
0 493 144 148 149
508 493 36 20 20
465 0 100 94 94
465 719 38 24 23
0 521 145 149 148
508 521 33 19 18
64 0 159 147 157
64 719 160 164 163
0 466 150 151 155
508 466 26 18 16
138 0 181 181 169
138 719 140 144 143
0 630 151 155 154
508 630 33 21 21
61 0 154 123 134
61 719 161 165 164
