7 196 66 35 30
481 75 143 149 149
365 276 182 189 197
307 382 186 194 205
314 246 142 146 147
228 324 158 162 165
274 388 12 10 11
440 324 13 13 15
469 348 22 22 24
52 681 208 212 213
216 678 155 105 134
124 647 158 155 146
125 124 75 46 42
100 506 195 198 205
77 424 151 155 156
99 329 162 163 167
309 602 14 15 17
285 259 154 158 159
340 545 8 9 11
233 161 134 77 83
439 336 15 15 17
193 575 130 120 129
420 330 10 10 12
252 670 176 179 184
167 167 172 174 186
142 98 180 187 197
307 508 9 9 11
15 231 93 82 88
185 58 206 214 225
161 278 152 150 151
507 134 105 106 101
272 504 8 9 11
229 18 143 143 155
332 685 88 83 89
275 376 26 30 29
241 208 160 162 161
204 671 137 70 105
183 561 161 168 174
289 405 200 206 220
462 547 8 8 8
156 478 106 108 107
223 256 157 161 162
285 339 153 154 156
253 280 157 161 164
315 667 114 109 113
434 632 57 40 48
376 281 137 141 142
378 474 30 34 37
417 457 16 17 19
248 565 45 49 58
64 89 91 57 48
322 304 153 154 158
18 286 185 186 204
373 163 137 140 149
331 377 29 29 29
303 304 150 151 155
17 443 115 114 120
340 696 116 57 87
387 102 131 132 137
244 378 107 108 112
475 578 8 8 8
427 328 11 11 13
177 302 157 161 162
225 376 141 145 148
195 254 153 155 152
211 559 176 181 187
145 239 111 106 112
45 22 89 55 45
84 250 179 182 199
372 276 139 143 146
272 362 147 147 149
17 211 55 27 24
364 231 145 151 151
91 40 81 54 43
464 83 205 211 223
176 428 11 11 13
2 677 194 191 184
452 585 9 9 9
31 34 94 62 47
53 345 153 152 157
115 316 144 145 150
505 200 94 94 96
42 537 197 197 195
501 683 32 21 27
343 463 5 5 7
160 280 155 155 155
164 470 46 51 55
412 702 52 40 40
81 74 96 61 55
29 588 185 190 184
171 482 47 50 55
444 408 8 8 10
497 648 11 9 12
18 262 179 185 201
317 295 151 152 156
79 376 143 144 148
47 354 161 160 165
440 600 14 14 16
87 331 156 157 159
78 709 179 172 166
18 135 81 46 40
506 612 15 15 15
11 486 152 144 142
491 106 108 113 107
358 136 123 126 131
17 670 192 193 185
195 95 198 206 217
119 516 195 199 210
4 272 181 187 203
137 410 149 153 156
496 20 167 174 180
470 648 20 16 17
306 75 143 146 153
73 261 181 184 201
66 28 86 52 43
284 161 159 163 166
227 301 163 167 170
69 313 110 87 93
323 539 9 10 12
457 475 8 8 8
506 538 8 8 8
471 130 115 117 116
59 43 91 56 50
450 523 8 8 8
503 313 24 25 29
340 82 131 134 139
16 430 152 156 159
162 274 146 144 145
129 223 159 165 181
52 525 194 194 192
262 93 144 149 153
366 677 68 47 52
67 294 128 127 133
141 244 128 109 115
158 164 160 164 175
204 127 192 198 210
505 100 108 113 107
53 545 199 200 205
453 136 116 120 121
149 64 211 218 228
384 314 123 128 124
449 700 32 22 23
333 656 52 20 41
183 396 131 132 136
205 533 160 165 169
329 341 194 201 211
250 130 142 82 92
395 661 68 54 53
504 129 107 108 103
140 582 102 113 97
229 582 153 156 163
61 440 151 155 156
274 369 108 110 109
270 138 144 146 141
35 575 193 194 196
47 421 156 157 161
427 0 133 137 140
384 435 24 25 30
82 345 168 169 173
501 432 7 7 7
64 444 134 138 139
506 495 9 9 9
438 341 14 14 16
79 705 172 165 159
506 337 25 26 30
479 314 25 23 26
251 506 14 16 15
358 487 7 6 11
360 588 17 17 19
227 8 155 118 136
215 664 153 109 134
263 492 13 14 16
12 254 184 190 206
429 126 160 163 172
352 587 13 13 15
495 701 37 31 35
504 615 17 17 17
149 116 182 189 199
309 411 32 34 31
318 630 11 11 11
113 225 170 173 188
261 166 150 153 146
162 340 140 144 147
226 308 155 159 162
37 460 109 108 113
383 108 129 132 137
235 359 143 144 148
96 311 131 120 126
336 565 7 8 10
433 602 22 21 26
108 560 181 188 194
313 105 136 139 146
170 173 158 158 168
104 349 164 165 170
247 568 44 49 55
461 529 7 7 7
214 474 11 12 16
361 312 134 134 134
289 245 159 165 165
411 18 130 134 137
26 567 185 185 185
18 9 90 56 44
236 628 139 144 147
20 87 98 61 53
201 528 197 204 212
282 278 144 148 151
194 324 142 146 149
508 228 145 149 148
62 164 80 44 32
0 287 175 178 195
480 306 76 67 70
257 440 178 184 200
112 689 181 174 166
477 480 9 9 9
176 316 151 155 156
208 353 135 139 142
427 563 9 9 9
59 83 88 53 47
448 497 9 9 9
411 690 51 41 39
53 205 53 28 24
97 225 162 166 178
371 579 23 22 27
125 187 48 27 26
454 255 134 138 137
194 436 8 8 10
136 346 151 154 159
448 92 150 154 163
150 207 186 183 192
361 237 144 150 150
415 640 73 39 55
143 460 156 160 159
287 181 146 151 154
20 84 95 58 50
302 619 15 16 18
108 530 191 195 204
138 586 160 171 154
185 136 193 197 208
284 175 144 148 151
212 141 203 207 219
379 182 141 145 154
434 133 201 209 220
38 168 73 39 29
218 323 154 155 159
429 420 13 13 15
43 626 139 149 138
203 180 138 87 94
211 124 190 196 208
79 499 193 193 193
329 68 133 136 141
31 277 180 186 202
169 224 112 76 78
368 387 6 5 10
242 122 135 102 111
479 666 19 10 15
339 83 133 136 141
494 348 20 21 25
429 92 129 132 137
439 8 130 134 135
245 94 137 142 146
333 219 156 162 162
55 180 72 38 29
466 564 9 9 9
63 518 198 198 200
214 11 158 131 136
239 586 94 91 102
304 423 24 24 24
59 151 88 52 38
313 11 175 179 188
223 150 123 92 100
287 428 128 133 129
475 646 21 16 20
123 141 76 48 44
418 49 128 132 135
412 700 52 40 40
284 190 156 161 164
31 234 171 174 189
318 699 133 107 134
390 612 37 14 22
116 413 150 154 157
154 499 197 200 209
83 549 198 203 209
5 647 156 160 146
228 665 165 157 168
93 672 155 148 142
115 693 178 171 163
337 616 10 10 10
136 624 138 144 134
481 297 108 100 98
229 644 138 150 130
318 380 135 142 134
504 66 113 118 112
273 608 37 40 49
389 646 43 21 24
443 46 127 131 134
177 581 141 131 139
181 571 149 137 147
423 419 14 15 19
271 608 43 46 55
336 396 6 6 6
484 278 79 88 71
163 271 147 136 140
370 2 133 140 146
147 591 187 194 200
186 398 88 89 93
431 228 157 161 162
402 623 58 22 34
402 221 129 133 132
19 86 107 70 62
295 558 13 14 18
171 413 24 28 27
215 354 136 140 143
303 47 140 145 151
164 444 47 50 55
91 319 141 142 146
475 643 22 20 23
441 447 10 10 12
463 291 94 87 61
121 105 81 57 45
481 672 20 11 16
403 649 62 48 48
475 453 9 9 9
368 519 33 34 39
474 305 80 69 67
154 340 139 143 146
39 298 177 180 195
143 6 51 38 45
499 475 8 8 8
199 653 139 123 133
231 386 75 79 80
158 389 140 141 145
241 1 166 84 90
384 342 10 10 12
345 70 130 133 138
45 635 172 181 180
244 336 165 169 172
130 294 128 127 125
308 511 10 10 12
114 302 127 131 134
456 684 24 14 15
348 200 169 174 177
356 337 101 102 97
228 667 164 156 167
234 526 52 52 60
65 471 151 150 148
150 397 137 138 143
337 581 10 10 12
271 554 37 40 47
78 540 201 206 212
472 330 19 19 21
91 595 85 94 73
187 328 136 140 143
330 381 17 17 17
243 54 145 150 156
307 338 159 160 164
488 515 8 8 8
204 468 12 13 17
79 212 101 90 96
131 693 194 187 179
394 427 34 35 40
472 247 123 130 122
224 639 154 160 160
182 348 138 142 145
119 86 100 81 75
150 360 146 147 152
262 258 165 169 170
68 637 162 171 170
409 143 113 113 121
502 273 71 84 66
198 122 198 204 216
291 436 67 68 63
132 442 160 166 166
109 307 133 132 137
15 99 87 46 42
375 224 161 166 170
324 504 10 10 12
477 587 8 8 8
233 166 130 75 80
296 447 8 8 8
354 545 26 27 31
36 451 97 98 102
174 516 184 188 197
366 212 163 169 169
443 403 8 8 10
114 65 99 91 89
465 150 133 136 143
407 446 29 30 34
475 349 19 19 21
236 518 50 51 53
409 82 125 128 133
99 270 162 159 178
431 200 84 85 89
469 111 116 121 117
270 519 11 12 14
375 552 24 24 34
439 117 202 208 220
30 528 198 194 191
302 183 155 160 163
293 612 22 23 25
9 167 74 41 34
360 579 26 25 30
371 49 133 137 140
391 718 96 101 60
414 506 12 13 17
424 159 193 203 213
178 186 177 175 180
185 258 158 160 159
451 226 163 167 168
43 634 168 177 174
278 102 135 138 143
223 424 7 7 9
92 495 190 189 194
90 186 71 38 33
215 260 160 164 165
469 446 7 7 7
68 500 193 192 190
380 456 27 31 34
346 248 146 150 153
36 466 104 103 108
289 55 140 145 151
23 160 82 49 42
57 504 198 197 193
339 499 9 9 11
301 94 127 130 137
57 400 138 142 143
467 285 90 93 74
0 28 79 50 36
427 480 8 9 11
241 367 145 146 150
79 439 158 162 163
24 74 92 55 46
52 229 181 184 201
491 259 63 79 53
20 538 197 194 189
15 221 49 29 28
266 131 131 105 108
306 171 159 164 167
245 370 140 141 145
150 548 187 196 195
459 292 101 90 70
94 524 197 200 209
21 611 160 167 151
366 318 138 140 139
348 230 140 146 146
51 70 94 59 53
418 281 141 145 144
212 643 144 146 145
416 637 69 36 55
46 662 196 203 196
327 3 156 162 174
197 678 154 84 120
91 94 94 60 50
358 311 131 131 131
88 172 74 41 36
72 70 90 56 47
36 254 175 178 193
338 705 126 67 97
245 216 152 154 153
360 553 28 29 34
30 258 182 185 202
175 589 136 127 128
101 580 129 143 110
124 136 79 49 47
13 252 184 190 206
355 327 117 117 115
151 618 130 134 120
129 93 156 160 171
213 420 7 7 7
485 30 141 145 146
204 259 153 157 158
324 261 149 153 156
364 706 113 53 81
274 705 150 155 149
109 486 193 195 192
417 338 10 10 12
164 7 122 54 45
118 621 196 203 211
136 684 202 195 187
377 539 28 28 36
13 330 92 72 73
114 351 156 157 162
362 352 9 9 9
312 404 71 73 68
90 527 196 199 208
81 26 82 49 44
140 313 146 150 153
203 142 206 210 221
230 613 130 113 132
458 191 86 87 91
278 588 39 42 49
78 334 152 152 154
416 374 26 25 30
395 700 89 68 73
486 154 105 109 112
122 655 145 139 125
16 498 187 184 179
185 543 201 210 215
478 246 122 127 120
16 200 63 29 27
203 360 135 139 142
0 236 63 57 61
508 236 168 173 169
226 0 176 73 77
226 719 204 197 204
0 508 192 189 184
508 508 8 8 8
226 0 176 73 77
226 719 204 197 204
0 271 181 187 203
508 271 68 80 60
215 0 179 75 64
215 719 194 186 184
0 182 72 42 34
508 182 88 88 88
189 0 181 107 96
189 719 191 182 175
0 467 116 110 110
508 467 8 8 8
21 0 90 57 48
21 719 217 217 217
0 123 82 49 44
508 123 111 113 108
439 0 131 135 136
439 719 101 77 91
0 709 202 199 194
508 709 65 30 54
190 0 182 108 97
190 719 191 182 175
0 302 179 182 197
508 302 45 49 52
268 0 155 106 127
268 719 142 146 155
0 219 44 25 21
508 219 106 106 106
458 0 130 134 133
458 719 88 85 94
0 201 58 30 26
508 201 93 93 93
94 0 89 55 53
94 719 161 152 145
