0 489 129 130 126
719 489 108 94 100
377 0 151 149 149
377 508 13 11 11
0 120 98 94 89
719 120 162 168 175
321 0 185 169 170
321 508 28 24 23
0 391 140 136 131
719 391 61 105 98
712 0 191 199 199
712 508 64 40 70
0 192 94 108 180
719 192 177 182 191
99 0 45 49 90
99 508 109 115 110
0 84 44 45 83
719 84 109 116 125
539 0 190 195 198
539 508 8 8 8
0 333 179 167 161
719 333 109 150 135
474 0 80 102 108
474 508 9 9 9
0 315 162 151 147
719 315 179 151 174
52 0 37 52 84
52 508 112 116 110
0 396 139 135 130
719 396 98 110 116
255 0 202 186 180
255 508 78 94 83
0 484 132 133 129
719 484 115 104 107
259 0 203 187 181
259 508 60 80 68
0 13 47 57 91
719 13 220 220 220
546 0 187 192 195
546 508 6 6 6
