0 342 192 182 175
719 342 77 123 110
215 0 27 30 58
215 508 100 100 100
0 410 140 137 133
719 410 104 83 122
635 0 188 199 191
635 508 14 13 15
0 189 96 107 181
719 189 175 182 191
596 0 152 157 158
596 508 19 19 19
0 160 52 53 121
719 160 148 158 165
81 0 45 52 91
81 508 109 115 110
0 326 161 149 143
719 326 162 141 156
654 0 160 171 169
654 508 15 14 18
0 240 83 79 168
719 240 196 191 190
103 0 44 49 88
103 508 104 110 105
0 244 87 82 167
719 244 189 184 183
316 0 194 179 176
316 508 31 27 26
0 410 140 137 133
719 410 104 83 122
167 0 39 47 77
167 508 93 94 98
0 66 46 52 87
719 66 162 166 171
330 0 112 106 129
330 508 27 23 22
0 234 80 78 168
719 234 197 190 195
697 0 200 207 210
697 508 28 15 47
