321 143 96 92 89
35 443 171 162 166
191 260 185 166 159
347 317 84 77 71
299 345 60 48 46
312 419 121 116 110
150 333 106 92 89
185 243 169 141 132
382 164 35 30 30
74 72 167 171 176
117 64 59 66 53
501 344 67 78 80
225 305 45 35 34
261 658 135 137 137
89 264 185 177 170
442 68 119 117 120
14 135 111 123 104
23 46 109 103 117
425 241 38 34 33
232 242 87 71 71
25 417 181 179 181
355 272 108 91 83
80 360 191 179 167
24 58 133 128 137
443 261 32 26 26
280 544 93 77 69
347 287 100 95 89
465 290 37 32 35
95 32 155 161 170
296 366 61 46 41
165 309 202 200 195
175 594 102 107 119
195 521 133 120 112
271 76 98 97 109
249 517 134 128 117
269 525 125 115 106
141 342 136 124 112
205 210 128 114 114
188 491 154 145 134
125 135 35 34 39
65 32 146 149 154
2 589 150 151 153
143 337 134 121 112
386 2 105 99 101
207 251 156 127 123
89 199 187 179 172
89 199 187 179 172
51 648 160 163 170
2 51 104 100 107
466 412 70 66 61
113 55 124 132 123
340 253 53 43 41
285 123 141 139 140
93 661 132 136 137
36 96 40 43 46
449 341 60 75 69
19 158 133 126 119
180 246 193 182 172
107 436 216 203 190
282 305 48 47 51
424 19 61 57 56
279 285 63 59 54
202 499 113 107 104
86 175 177 167 160
235 316 25 16 17
263 435 148 143 137
405 337 75 69 21
505 325 73 61 27
317 282 98 89 84
135 332 186 174 160
228 108 87 66 34
38 624 166 169 175
507 275 19 17 15
473 379 113 64 68
77 75 57 59 55
43 584 182 186 195
87 245 190 182 171
188 52 72 75 92
174 100 76 57 27
482 353 78 75 31
59 162 179 178 189
32 100 132 136 136
157 546 224 216 205
425 395 66 24 29
118 57 92 100 87
452 451 84 51 44
298 274 111 106 100
87 406 221 210 198
70 362 216 208 195
24 65 128 110 117
62 462 182 187 193
36 141 155 156 146
425 368 85 35 39
175 328 191 191 189
66 365 142 139 138
141 285 132 125 118
419 25 83 80 76
122 256 85 85 90
157 385 188 181 171
381 157 25 21 20
62 270 148 134 125
271 402 73 52 41
503 379 117 58 63
374 110 30 24 26
426 386 62 58 52
426 437 42 26 22
189 53 60 62 73
33 594 146 150 152
91 689 176 183 189
479 391 121 106 106
62 95 120 119 119
269 145 123 115 109
77 679 164 169 174
256 519 144 139 131
262 664 120 121 118
46 628 169 174 178
33 419 166 172 180
261 69 43 46 53
74 172 189 181 171
10 409 97 69 64
180 580 218 206 193
67 670 161 166 171
120 57 123 132 113
244 282 109 104 100
112 268 205 194 186
101 516 214 218 222
436 13 87 77 75
33 438 169 163 161
234 529 87 69 53
62 352 190 183 182
483 392 113 97 97
31 417 188 192 201
79 213 170 160 149
74 271 193 186 180
200 135 175 170 164
473 385 34 33 52
253 518 140 134 125
95 295 149 135 130
335 348 87 74 68
12 460 161 165 168
115 343 167 156 139
178 608 191 193 203
431 249 48 42 41
28 124 140 153 132
80 59 178 184 190
400 395 55 45 41
94 270 150 140 139
4 457 177 182 188
249 279 102 94 91
309 298 136 129 113
309 430 117 112 106
218 358 145 145 143
440 41 161 156 149
491 354 86 86 30
165 616 165 155 148
472 376 127 89 91
101 15 163 170 176
132 272 82 84 83
495 289 76 79 95
53 314 206 197 188
58 442 104 109 114
217 563 170 157 138
329 426 116 112 103
437 336 43 54 47
21 0 92 79 87
296 83 103 96 111
344 286 114 108 104
483 284 82 85 93
172 614 80 82 94
135 37 150 147 136
375 76 61 53 51
431 258 24 18 18
235 315 27 18 19
38 428 168 175 183
209 202 87 71 71
48 630 163 167 169
42 113 79 86 93
368 271 117 109 103
453 399 87 84 76
148 506 208 197 179
6 420 118 113 112
94 132 29 24 30
297 43 57 61 64
265 688 125 126 125
111 472 222 212 201
85 262 145 136 129
493 319 102 73 38
238 299 96 89 83
203 542 172 150 133
170 552 200 188 173
201 639 48 49 56
197 541 159 136 122
503 351 33 34 42
241 548 97 86 79
76 235 207 200 194
75 165 188 193 197
282 347 72 65 57
217 508 126 123 121
122 147 119 121 127
198 188 73 60 60
182 147 173 172 170
167 7 37 33 29
449 359 59 70 54
333 257 85 77 64
388 15 79 77 80
214 554 205 192 174
110 719 172 177 183
185 499 163 152 143
415 227 27 21 21
315 240 91 76 64
30 100 162 166 166
456 393 104 79 80
205 131 173 170 165
312 269 86 68 63
136 295 165 152 140
166 533 157 149 138
87 246 166 156 142
224 299 81 71 69
136 450 148 139 128
223 219 79 67 67
3 426 126 127 126
419 17 48 44 45
134 138 147 149 155
58 341 126 121 123
54 26 132 102 113
129 36 118 110 100
107 264 185 178 170
443 102 78 67 66
320 362 39 39 41
10 381 187 181 186
5 386 160 156 150
101 15 163 170 176
458 49 82 75 74
430 36 229 227 223
419 280 37 36 43
108 54 114 122 114
101 231 147 141 134
43 621 168 173 177
303 61 48 47 53
115 598 177 182 194
475 355 78 76 25
91 237 176 163 157
168 22 51 51 40
51 322 131 132 136
454 288 57 56 61
281 261 132 126 120
373 231 57 42 41
66 235 165 156 151
475 34 44 36 33
150 100 26 30 16
410 64 134 125 124
139 538 193 181 164
503 0 36 27 30
413 386 50 42 37
132 344 150 140 123
38 421 154 161 168
200 246 164 129 125
396 340 62 49 13
366 217 33 26 26
506 305 72 69 74
167 551 223 213 201
169 584 122 122 121
478 352 89 93 19
246 252 54 50 46
222 281 157 147 140
452 397 89 86 77
212 186 47 41 36
41 2 160 86 71
266 697 138 140 138
360 238 60 47 46
222 236 126 117 118
314 278 95 84 76
506 388 41 42 63
152 327 118 107 103
52 649 166 169 174
323 423 129 126 119
200 547 134 111 93
107 183 156 139 123
150 514 193 182 168
401 369 62 23 24
371 237 48 44 41
211 296 89 76 70
227 525 103 88 78
456 407 98 97 93
54 212 132 123 115
85 493 175 180 184
52 143 166 172 177
316 541 79 80 82
70 149 119 115 122
467 452 46 27 26
264 436 140 135 129
337 269 78 65 49
129 346 162 152 141
143 12 166 168 158
422 31 72 68 68
316 465 111 107 98
130 380 189 180 164
503 409 93 97 101
432 19 60 52 50
62 87 170 175 189
304 180 91 85 80
221 140 144 135 128
147 512 173 162 139
492 410 97 94 97
80 217 120 109 93
435 76 166 165 171
370 70 44 34 33
497 290 108 111 125
108 446 176 159 145
504 360 55 54 30
256 156 93 83 81
61 346 153 150 149
443 433 30 17 14
172 89 113 100 97
78 207 156 146 137
62 313 203 193 183
398 254 22 22 24
160 532 159 150 141
66 208 164 155 148
370 238 36 32 29
189 543 197 183 167
183 337 163 163 168
357 231 58 46 46
192 543 193 176 161
65 201 162 153 145
204 324 127 111 121
431 56 115 113 116
238 149 126 118 113
282 264 117 108 103
450 42 121 117 121
431 44 202 199 190
366 274 85 77 73
216 209 75 59 59
504 453 44 28 29
13 488 127 129 128
282 264 117 108 103
24 11 121 114 112
105 226 187 180 174
52 206 188 181 173
303 275 136 130 124
383 338 41 49 32
130 529 221 211 199
61 205 156 147 138
159 93 54 48 53
407 32 111 107 105
501 385 35 38 57
430 280 38 40 44
218 112 80 58 27
206 583 180 168 154
259 29 59 63 66
489 288 98 102 115
30 53 127 116 123
436 253 25 19 19
450 335 38 50 62
309 48 50 50 48
479 391 121 106 106
170 578 214 204 194
58 154 165 172 167
209 588 71 65 60
175 68 125 130 135
234 233 41 33 31
476 336 76 95 86
431 22 63 58 55
121 329 126 117 101
36 560 172 177 185
444 41 240 236 225
272 277 76 67 65
67 175 144 133 122
329 21 131 128 125
442 383 20 19 25
96 567 166 169 176
228 244 129 120 121
430 465 27 22 21
128 431 221 210 192
2 100 101 99 105
301 344 59 47 44
371 47 76 67 62
312 242 108 99 89
65 470 189 194 200
408 340 31 29 19
0 121 174 171 166
320 155 79 72 65
133 289 165 151 140
163 79 102 97 107
129 311 155 140 123
300 287 150 146 138
21 498 165 170 176
209 79 143 122 118
419 327 25 27 24
182 326 153 148 145
148 597 190 181 173
189 486 192 189 184
502 434 20 21 27
415 90 92 87 91
231 551 144 128 112
318 161 97 93 88
8 154 207 208 210
53 641 166 169 176
280 37 53 56 61
214 579 192 180 166
190 579 149 136 120
47 284 209 200 195
77 535 166 171 175
390 394 68 37 37
336 537 69 68 67
235 103 66 48 36
375 117 24 17 19
178 614 194 195 206
154 2 92 91 86
280 622 27 22 19
482 386 37 39 59
118 275 89 85 80
218 588 77 71 68
372 93 45 35 34
139 328 140 128 116
58 117 19 22 26
182 78 111 123 107
143 17 154 152 143
92 295 134 125 109
91 385 211 198 187
265 142 120 113 105
450 41 108 104 108
183 576 185 173 156
243 244 133 133 108
400 366 92 52 52
245 417 55 49 49
214 287 154 142 138
340 7 125 123 119
154 24 139 138 123
505 141 218 216 196
465 375 110 50 55
42 631 161 166 170
480 452 83 54 47
221 543 171 156 134
452 22 100 94 94
78 701 143 146 148
121 342 155 145 134
50 185 208 201 191
188 484 203 200 193
154 22 143 143 118
212 186 47 41 36
83 546 159 161 164
136 340 157 145 131
43 632 169 174 179
435 28 114 106 95
34 4 118 101 101
233 396 115 114 115
412 90 58 50 51
51 597 144 148 149
219 346 113 112 112
200 161 181 176 170
297 278 109 104 97
246 157 138 134 131
220 14 72 77 75
415 348 49 47 25
373 230 62 45 45
16 468 156 159 165
162 102 122 125 135
424 433 76 40 40
212 571 194 181 161
368 383 91 81 72
450 404 73 71 68
420 467 47 38 33
42 271 198 191 183
224 215 47 33 33
451 341 47 58 58
67 517 175 178 182
124 247 170 165 159
134 432 218 209 192
103 431 208 194 181
333 274 87 75 68
266 533 117 100 81
430 57 110 106 109
48 210 195 188 182
400 403 28 23 20
266 697 138 140 138
153 604 145 127 116
98 161 94 101 83
166 92 91 90 90
64 167 196 192 187
34 214 159 154 148
283 663 33 30 27
424 63 130 112 112
90 497 179 186 191
483 380 95 32 42
190 552 210 197 182
264 687 186 191 194
131 627 155 163 167
336 12 123 115 113
506 408 116 121 123
166 199 198 197 191
236 239 50 39 38
244 245 164 161 148
409 429 17 12 9
396 366 90 48 48
428 90 152 151 156
80 53 174 181 186
52 324 162 161 161
435 28 114 106 95
279 546 36 30 31
373 2 47 42 45
399 369 68 29 30
210 204 90 74 74
11 433 130 130 130
266 264 102 91 82
408 216 23 17 17
16 186 177 170 162
11 192 172 163 157
221 235 133 124 125
399 401 39 35 30
232 66 64 68 74
501 396 108 93 98
401 19 57 53 54
116 258 179 172 166
248 519 135 127 117
284 687 59 57 58
317 541 86 87 89
72 380 165 160 158
96 68 42 42 39
371 498 45 42 39
257 521 133 125 117
67 88 94 99 96
364 34 90 78 78
359 342 73 58 53
52 137 135 140 143
226 343 48 45 52
46 173 140 127 100
101 704 159 166 173
447 49 110 106 106
158 97 80 73 83
463 329 57 59 70
138 637 177 185 194
8 498 140 141 143
23 147 177 170 160
121 496 195 185 170
40 213 127 119 110
224 230 103 93 92
237 571 56 49 43
115 255 158 151 145
391 307 42 32 29
202 638 52 52 60
99 395 204 192 176
222 511 141 140 136
508 299 54 54 66
11 494 145 146 148
125 541 223 214 205
158 2 81 76 70
224 354 93 89 86
502 346 29 31 42
426 395 61 28 31
15 158 162 155 149
89 380 213 201 189
62 311 196 186 176
167 307 211 211 209
437 376 98 30 35
182 559 196 181 163
288 368 63 54 49
10 132 127 136 118
111 169 143 160 128
14 435 138 138 136
281 318 44 43 43
247 430 133 123 121
313 270 100 85 79
498 393 112 89 93
312 243 100 86 76
486 352 106 105 29
176 632 150 153 158
113 191 164 155 147
74 675 169 174 178
66 267 159 150 133
185 550 126 108 99
495 390 67 70 76
35 415 149 156 162
161 63 51 51 57
130 290 102 85 72
434 79 151 152 157
495 289 76 79 95
405 340 81 71 22
187 621 154 159 170
420 43 108 102 102
282 381 65 55 50
112 333 107 98 88
186 620 178 181 193
140 511 146 133 113
365 268 72 57 56
472 394 108 85 88
218 285 143 128 121
20 491 179 186 194
17 250 117 118 119
210 581 177 163 150
20 384 131 136 141
259 256 162 158 147
6 416 95 84 80
99 45 123 125 130
439 405 42 40 43
252 253 140 136 125
79 201 186 178 167
367 84 97 89 88
400 315 28 30 27
154 22 143 143 118
17 456 137 138 140
28 426 175 157 160
110 591 160 165 170
219 68 103 91 54
142 449 159 156 147
130 337 133 124 112
27 465 142 144 145
171 576 212 200 188
189 503 124 105 95
487 356 85 85 38
167 591 197 198 205
24 134 137 144 136
57 197 129 120 110
508 301 74 75 88
55 173 168 158 146
45 192 199 192 184
81 171 165 173 157
95 235 152 142 136
412 87 100 89 69
405 412 59 55 53
328 304 140 139 134
385 9 74 72 73
203 305 86 70 70
131 288 99 84 75
440 373 105 44 49
504 279 55 55 65
421 36 73 69 70
314 434 119 114 108
394 6 66 60 59
206 267 181 174 172
90 157 114 62 89
388 410 28 26 25
236 67 65 64 75
372 237 48 44 43
41 601 180 186 197
290 94 81 98 80
221 357 103 102 100
124 344 115 109 94
323 221 88 83 77
9 431 122 122 122
125 288 73 59 48
0 360 165 135 132
225 294 105 98 93
91 497 154 159 162
232 533 100 79 61
82 403 129 124 122
69 359 197 187 175
297 277 105 100 93
214 331 196 205 213
134 506 228 215 198
240 307 21 15 15
238 519 99 91 84
208 10 66 71 74
235 565 176 163 147
287 719 42 33 34
101 646 123 127 128
47 146 154 104 131
506 142 168 166 154
417 333 45 45 42
154 574 172 169 176
306 57 70 72 68
419 401 38 35 34
449 374 114 59 62
437 21 79 70 71
442 312 108 85 56
457 25 89 81 84
290 90 91 96 98
8 453 163 166 171
171 121 104 97 38
433 414 47 44 47
121 251 134 133 129
433 279 19 23 26
105 226 187 180 174
240 250 61 57 54
423 32 76 73 73
325 427 111 107 99
219 540 134 113 85
429 256 36 30 29
22 179 167 160 152
485 327 118 103 51
152 354 108 96 92
213 372 56 54 55
194 585 202 192 180
151 42 109 106 101
129 485 220 208 191
51 42 136 112 111
152 591 88 77 69
137 390 99 83 77
13 221 192 185 179
249 278 95 87 84
487 404 112 117 113
164 593 182 184 192
482 398 101 101 98
461 288 52 45 49
419 348 74 64 24
168 572 222 211 199
61 209 200 191 184
375 147 46 37 38
199 577 196 184 169
138 463 198 187 169
473 408 98 88 91
62 598 153 157 158
386 436 76 71 64
497 378 137 90 96
228 548 172 157 139
313 434 131 126 120
207 537 110 93 79
186 174 92 96 86
48 237 186 178 167
261 257 165 161 152
213 582 187 175 161
221 564 196 185 168
238 275 141 132 129
230 553 162 148 132
26 184 174 166 156
133 340 200 188 174
130 380 189 180 164
218 210 66 50 50
210 292 141 130 124
470 391 105 79 74
80 387 223 214 204
106 156 74 74 79
284 679 44 41 40
54 98 117 121 140
97 397 198 186 172
438 279 22 23 26
404 9 77 71 75
387 372 80 58 55
155 42 107 104 96
65 214 199 190 183
231 66 77 81 88
114 612 127 132 130
445 38 208 193 185
108 296 99 89 85
217 65 72 56 39
38 570 179 185 194
25 418 180 170 164
42 630 166 171 176
319 145 103 102 100
369 217 37 31 31
472 376 127 89 91
60 81 66 68 67
229 57 44 48 56
50 149 130 135 117
12 472 175 179 187
191 185 54 46 46
45 422 108 113 119
267 263 106 96 86
462 277 21 12 13
450 279 51 46 48
190 579 149 136 120
240 85 100 82 46
94 26 152 156 164
434 394 20 17 24
409 123 68 56 56
422 75 57 51 51
107 467 202 190 177
210 566 216 203 189
376 492 55 51 44
501 344 67 78 80
364 275 93 84 77
455 399 76 73 66
359 111 108 98 97
42 566 175 180 187
435 459 24 17 16
109 588 176 181 191
450 400 75 72 63
265 694 177 182 186
301 267 104 93 84
64 168 189 181 174
60 449 148 153 162
258 639 172 175 176
456 24 112 105 107
321 284 119 114 108
53 100 161 167 183
203 206 118 104 104
432 323 25 26 23
466 432 36 37 41
95 164 124 130 127
180 243 188 177 167
175 157 172 170 169
69 326 204 194 184
281 318 44 43 43
57 94 144 146 163
230 298 109 101 99
472 393 112 85 89
487 317 55 60 63
251 515 138 134 124
155 540 208 202 186
104 438 204 190 177
85 194 191 178 169
2 141 184 191 181
27 450 131 133 132
205 328 135 130 140
425 35 146 139 139
109 217 176 169 159
238 119 125 108 99
356 349 85 75 66
99 57 93 103 91
95 59 122 127 122
273 87 101 36 81
479 435 61 55 54
164 312 198 196 190
19 591 153 154 156
65 204 191 182 175
483 402 113 115 114
92 561 160 164 168
492 298 55 50 47
182 190 163 157 149
235 132 142 133 126
475 403 80 80 79
5 68 141 140 149
418 404 24 22 27
157 2 83 79 73
498 374 124 112 112
382 234 68 66 69
279 530 113 102 94
399 303 18 17 15
470 294 43 42 46
448 358 58 70 53
90 447 136 138 137
244 74 130 137 124
383 337 43 50 35
432 38 185 179 172
86 551 161 165 166
348 488 96 91 85
317 363 27 27 29
21 478 163 167 170
148 557 167 161 149
55 446 179 184 190
149 577 84 75 66
394 12 48 44 43
183 315 162 154 148
4 230 162 161 161
165 308 184 182 176
203 574 179 167 144
85 51 156 162 165
180 585 189 178 164
191 515 137 120 112
433 11 93 83 82
198 259 156 125 120
194 60 49 52 59
384 430 75 71 62
66 175 152 142 131
492 356 50 53 22
136 294 150 136 124
12 386 184 175 176
122 244 176 171 165
501 322 37 27 15
15 135 110 122 102
279 31 137 143 139
176 328 197 197 195
100 16 152 158 164
390 185 27 21 21
426 20 66 60 60
18 486 172 177 183
67 355 215 207 196
312 277 117 107 101
476 280 51 50 55
373 96 27 18 19
387 393 55 27 26
396 23 92 88 88
52 100 53 56 68
86 374 197 187 175
30 413 175 179 188
69 267 131 122 111
471 452 59 34 35
205 65 74 59 67
205 177 134 131 116
170 122 77 76 39
299 292 148 141 130
147 314 150 141 132
90 603 135 136 139
94 305 111 101 87
80 61 150 154 157
501 434 21 22 27
475 435 43 37 31
59 233 119 114 103
211 184 97 93 86
417 269 36 29 29
466 330 95 100 106
413 302 31 29 31
480 335 63 83 74
188 483 210 207 201
224 582 65 60 56
76 147 92 76 86
470 376 122 81 82
92 435 216 206 193
296 98 116 112 122
301 169 76 71 65
23 54 161 167 181
142 306 126 115 111
41 216 182 173 167
156 346 139 131 127
431 307 67 39 15
103 166 167 166 176
196 280 201 189 189
473 413 74 70 67
199 65 57 59 61
49 114 110 112 109
179 208 183 181 174
415 429 41 30 29
350 287 77 72 65
54 38 144 128 126
108 5 193 200 209
75 63 182 186 192
79 165 181 184 190
267 708 156 158 163
49 174 126 110 95
29 156 155 148 139
210 536 108 90 77
124 43 118 114 99
89 197 170 161 154
158 347 139 133 129
134 138 147 149 155
180 640 183 189 197
284 284 55 49 46
488 358 79 80 32
271 546 117 112 103
448 34 193 191 182
87 184 188 174 163
153 660 177 184 194
92 245 197 184 174
128 312 159 148 127
45 111 174 179 193
481 399 83 85 82
332 348 65 50 48
236 74 135 140 103
436 305 56 28 16
301 170 78 73 67
49 84 96 102 102
132 298 132 116 99
421 450 83 46 44
111 274 164 152 143
189 71 147 136 151
439 256 25 19 19
170 692 156 161 165
248 421 109 103 102
133 338 204 192 178
231 217 78 72 68
198 245 166 133 128
46 438 171 178 186
180 252 188 176 167
133 327 144 133 118
33 49 138 135 147
66 455 114 117 123
401 11 63 57 61
92 217 170 161 150
321 31 151 149 149
495 387 33 36 52
383 484 68 60 51
64 238 160 151 146
258 634 130 129 122
88 225 187 180 174
367 370 56 43 37
67 213 175 165 156
30 164 190 183 174
119 522 225 217 204
169 124 88 79 59
430 257 25 20 20
7 166 160 155 149
450 308 98 76 46
129 485 220 208 191
392 231 33 32 33
121 608 173 179 191
6 362 138 141 148
227 525 103 88 78
94 257 120 109 102
224 292 111 101 98
480 435 67 61 59
109 279 156 144 134
180 256 196 185 175
333 274 87 75 68
381 114 61 52 49
189 485 199 196 190
473 297 55 54 59
365 274 102 92 87
131 491 148 131 113
231 291 112 107 104
262 407 57 41 37
52 177 173 164 155
160 543 210 198 183
442 406 90 86 83
376 341 22 20 15
39 585 179 183 193
97 229 147 141 128
175 330 204 204 204
181 564 210 197 180
175 84 103 110 95
199 587 188 178 166
17 379 127 128 135
104 283 158 148 138
472 308 43 47 50
301 365 45 42 40
507 381 108 47 55
270 278 62 57 55
93 27 136 139 147
34 283 158 159 159
269 527 114 100 87
118 63 79 89 66
