0 281 125 112 156
719 281 164 155 151
571 0 175 180 183
571 508 8 8 8
0 36 51 60 93
719 36 162 165 163
375 0 147 147 147
375 508 14 12 12
0 18 46 57 89
719 18 220 220 220
448 0 154 145 142
448 508 8 8 8
0 135 86 79 84
719 135 172 180 187
217 0 22 26 50
217 508 103 103 103
0 9 45 55 89
719 9 214 216 216
103 0 44 49 88
103 508 104 110 105
0 365 174 164 157
719 365 85 70 102
701 0 201 208 211
701 508 31 18 50
0 5 46 56 90
719 5 203 208 207
3 0 44 54 88
3 508 197 191 184
0 89 43 44 82
719 89 111 118 127
7 0 41 52 84
7 508 224 215 206
0 298 169 160 163
719 298 186 154 179
694 0 198 205 208
694 508 28 16 44
0 419 140 137 133
719 419 85 59 113
460 0 140 130 136
460 508 7 7 7
