27 404 150 152 149
186 635 119 121 118
329 4 165 165 163
320 256 143 144 138
109 602 129 128 124
379 115 166 166 164
99 248 163 163 161
89 83 169 168 166
6 217 163 162 160
337 498 11 7 8
267 286 96 105 102
63 9 167 167 167
236 379 142 144 139
370 105 168 168 166
328 145 167 167 165
163 565 133 133 131
53 527 139 138 134
22 655 113 112 110
14 101 170 169 167
137 605 127 129 126
131 533 140 140 138
128 401 155 154 152
161 262 149 151 148
20 404 150 152 149
169 477 147 149 146
322 298 86 95 92
391 449 22 16 18
337 581 197 143 117
314 566 41 27 26
180 521 142 142 140
331 336 113 118 114
204 260 81 90 87
54 631 123 122 118
356 244 166 168 167
286 269 94 100 98
51 554 137 133 132
280 607 42 32 31
241 30 168 167 163
153 116 167 168 163
127 489 144 144 142
281 188 170 170 168
306 247 148 149 143
120 365 154 154 152
345 425 135 134 132
15 44 169 169 167
67 166 164 164 162
68 374 153 153 151
27 659 111 110 108
150 611 125 127 122
368 449 42 33 34
247 636 19 15 14
129 515 143 143 141
378 2 169 171 166
134 377 154 154 152
327 8 166 166 164
259 202 172 172 170
222 298 94 100 98
36 253 164 163 161
357 480 26 22 23
83 620 125 124 122
258 713 127 99 88
86 352 157 157 155
399 8 168 170 165
78 509 141 141 139
158 470 149 149 147
0 609 125 124 122
317 415 152 152 150
222 252 85 91 89
113 68 166 166 164
253 362 91 95 94
251 264 88 97 94
28 275 160 159 157
207 157 169 169 167
236 299 92 98 96
145 456 148 148 146
58 118 167 167 165
50 458 145 145 143
289 164 168 168 166
117 482 148 148 146
250 250 87 96 91
80 70 167 167 165
396 551 216 163 145
116 141 168 167 165
145 441 151 151 149
115 317 158 158 156
338 715 171 140 119
371 49 167 167 165
179 389 151 151 149
89 261 162 162 160
225 624 33 29 28
274 12 167 168 163
302 191 169 169 167
88 345 158 158 156
374 16 169 168 166
199 32 167 167 165
392 448 21 15 17
47 531 141 140 136
31 694 107 103 100
179 473 147 149 146
81 13 167 169 166
268 472 120 120 118
334 640 207 158 141
171 365 148 148 146
308 355 81 90 85
38 160 162 162 160
346 589 216 162 136
3 585 131 130 126
32 714 102 101 97
363 699 204 161 145
24 125 168 167 165
333 656 162 123 124
272 181 167 167 165
102 58 168 168 166
38 323 158 158 156
199 654 22 21 19
7 623 124 123 121
311 422 150 150 148
215 91 170 170 168
352 107 170 170 168
385 70 168 168 166
306 566 39 28 26
24 361 156 157 152
169 442 150 150 148
132 593 129 131 128
119 270 163 163 161
225 680 20 16 15
83 281 160 160 158
278 505 27 23 22
69 196 166 165 163
48 457 146 146 144
329 96 168 168 166
241 704 18 18 16
317 369 140 142 139
109 183 166 166 164
214 434 149 151 148
130 458 149 149 147
52 652 116 115 113
270 138 170 169 165
218 268 91 100 97
357 223 168 168 166
283 615 41 27 27
189 114 170 169 167
255 41 171 170 168
348 696 189 146 129
57 187 163 163 161
285 284 97 103 101
327 590 194 142 120
345 536 15 6 7
6 444 149 150 145
228 30 168 169 164
321 615 205 153 131
242 244 87 96 91
37 324 158 158 156
265 234 140 145 141
154 19 168 168 166
292 468 39 33 33
106 691 107 108 103
277 223 205 205 203
121 619 126 126 124
114 567 134 134 132
13 268 164 164 162
38 344 156 156 154
314 81 168 170 167
248 419 147 149 146
185 21 165 164 162
40 327 158 158 156
23 194 162 161 159
294 655 175 133 117
209 35 169 169 167
224 563 119 119 117
226 49 168 168 166
267 677 33 29 28
149 674 112 111 107
293 57 170 170 168
230 65 168 168 166
115 537 138 140 137
189 287 91 100 97
85 203 166 165 163
119 88 166 166 164
352 536 13 3 4
157 85 170 170 168
390 375 158 158 156
225 268 92 101 98
72 616 126 125 123
304 141 168 168 166
156 46 167 169 164
202 109 167 167 165
135 712 106 105 101
20 713 99 98 94
208 712 18 16 17
276 596 40 30 29
259 115 169 170 165
89 677 109 110 105
270 509 17 13 12
10 268 163 163 161
73 177 167 166 164
384 42 169 168 166
309 552 19 9 8
202 608 112 112 110
66 470 147 147 145
145 2 170 169 167
306 322 91 100 97
164 196 169 169 167
201 164 169 170 165
118 330 158 158 156
155 708 108 107 103
335 578 194 138 115
208 642 25 21 20
347 311 134 134 132
39 460 147 147 145
170 601 126 126 124
172 377 148 150 147
16 346 156 157 152
65 112 169 168 166
327 612 207 155 133
269 37 169 168 166
325 579 167 114 98
303 324 92 101 96
181 84 169 168 166
6 176 163 163 163
361 549 90 60 49
217 416 151 153 148
330 590 201 146 126
19 242 162 161 159
380 257 168 170 167
100 610 126 125 123
123 551 140 142 139
167 405 152 152 150
144 242 166 168 165
217 516 136 136 134
365 550 127 85 71
245 688 23 19 18
325 232 179 179 177
225 570 95 95 93
31 571 137 133 130
285 685 63 65 64
116 560 134 134 132
349 88 168 170 167
23 526 140 141 135
366 612 224 173 152
359 463 42 33 34
39 163 163 163 161
355 259 171 173 170
210 452 143 145 142
298 696 81 70 76
151 336 144 144 142
253 628 28 24 23
332 129 167 167 165
353 7 166 165 163
126 388 153 152 150
53 671 112 112 110
315 505 11 7 8
286 660 134 104 93
52 281 160 159 157
388 467 25 19 21
317 462 31 25 25
258 183 170 170 168
248 424 150 152 149
234 418 149 151 146
27 62 167 167 165
241 360 93 99 97
395 238 169 169 167
49 162 165 165 163
383 277 165 167 164
135 267 166 168 165
251 278 93 102 99
199 331 87 98 94
351 113 170 170 168
199 484 144 146 143
395 283 165 167 164
239 311 92 101 98
400 368 157 159 156
291 106 168 168 166
337 604 211 157 133
79 288 164 163 161
290 29 166 166 164
53 409 152 154 151
374 401 155 157 156
371 653 100 80 82
0 410 151 151 149
223 14 168 168 166
151 201 166 166 164
346 198 169 171 168
53 675 108 109 104
393 378 157 157 155
98 692 109 110 105
199 334 88 99 95
92 393 154 154 152
262 434 148 150 147
316 236 202 202 200
267 454 148 150 147
317 89 166 168 165
158 253 183 185 182
197 377 137 137 135
63 370 156 156 154
248 460 145 147 144
67 712 102 103 98
41 80 169 168 166
303 59 167 167 165
380 187 169 169 167
250 440 149 151 148
162 353 143 143 141
157 329 137 136 132
9 110 165 164 162
339 337 144 145 140
238 205 179 178 176
68 625 125 124 122
298 289 97 103 101
322 706 179 147 126
70 350 157 157 155
234 139 168 169 164
267 355 86 97 91
290 281 96 102 100
107 250 161 161 159
303 668 67 69 81
330 694 180 138 124
312 193 170 170 168
163 5 167 169 166
121 304 157 157 155
101 372 155 155 153
397 55 167 167 165
123 93 166 166 164
343 605 215 161 137
119 81 165 165 163
302 493 17 13 12
332 613 210 158 136
243 155 166 167 162
127 513 139 141 138
332 190 169 169 167
384 68 168 168 166
215 19 165 165 163
370 129 169 169 167
197 514 144 144 142
279 404 147 149 146
168 526 141 141 139
220 256 85 94 91
262 461 144 146 143
376 256 168 170 167
387 330 159 161 158
302 596 74 46 42
0 473 144 145 140
333 254 180 182 177
62 358 156 157 152
138 138 169 168 166
116 557 137 139 136
119 714 106 107 102
131 74 168 168 166
326 646 201 153 133
0 450 147 148 143
217 502 144 144 142
82 490 145 145 143
377 224 168 168 166
62 583 130 130 128
347 57 166 168 167
147 359 153 153 151
253 277 94 103 100
271 362 86 92 88
111 616 126 125 123
220 199 172 172 170
127 530 135 137 134
173 657 116 117 112
3 375 150 150 148
375 581 226 172 148
118 515 139 141 138
240 25 170 169 165
163 203 164 164 162
131 110 166 166 164
141 395 153 153 151
215 77 165 165 163
236 397 146 147 142
337 410 152 154 153
189 417 151 151 149
278 379 139 141 136
218 22 165 165 163
268 710 166 124 110
85 282 160 160 158
10 357 155 155 153
111 144 164 164 162
314 229 189 189 187
350 203 167 169 166
47 237 163 162 160
356 138 168 170 167
318 277 88 97 94
192 5 170 166 165
161 111 170 171 166
392 364 157 157 155
322 89 166 168 165
207 56 167 167 165
147 468 149 149 147
14 257 161 161 159
26 411 153 155 152
151 118 166 167 162
279 173 168 168 166
131 125 166 166 164
365 656 78 68 67
137 588 129 131 128
75 89 166 165 163
355 390 153 155 154
41 220 163 162 160
63 392 153 153 151
338 375 153 153 151
207 161 169 170 165
36 130 164 164 162
44 418 152 153 148
293 154 168 168 166
309 314 93 102 99
188 511 142 142 140
102 336 156 156 154
395 381 157 157 155
55 136 164 163 161
85 73 168 168 166
214 640 27 23 22
159 637 120 122 117
294 590 47 33 30
271 595 25 19 19
183 233 199 199 197
311 211 171 171 169
386 494 8 4 5
174 106 167 168 163
298 592 57 38 32
246 332 92 101 98
367 66 169 169 167
292 135 168 168 166
204 474 146 148 145
213 224 204 204 202
361 107 169 169 167
255 92 166 166 164
175 157 168 167 165
225 369 162 164 159
304 576 48 34 31
78 98 168 167 163
361 618 221 170 153
309 63 168 168 166
173 589 130 130 128
254 286 95 104 101
310 533 9 3 3
52 671 112 112 110
274 539 20 16 15
85 425 150 152 149
295 174 169 169 167
399 335 159 161 158
83 261 163 163 161
175 696 102 103 98
90 276 162 162 160
304 694 130 107 101
299 128 169 169 167
360 298 159 161 158
227 544 75 75 73
329 475 21 15 15
35 31 172 172 170
227 164 171 170 166
0 275 160 160 158
60 502 145 146 141
165 23 166 166 164
105 444 149 149 147
370 446 36 30 30
228 672 19 15 14
356 601 222 167 146
98 471 148 148 146
302 520 7 3 2
58 222 162 161 159
188 560 133 133 131
53 330 159 159 157
6 399 152 152 150
94 257 163 163 161
296 188 169 169 167
44 233 164 163 161
190 542 138 139 134
126 663 115 116 111
248 412 150 151 146
42 474 146 145 141
155 89 169 169 167
16 527 140 141 135
121 516 142 144 141
186 660 103 103 101
240 684 21 17 16
242 39 168 167 165
285 247 90 96 94
393 145 170 170 168
251 483 121 121 119
41 404 153 155 152
86 283 160 160 158
135 589 129 131 128
360 207 170 170 168
178 224 176 176 174
251 680 23 19 18
192 551 137 137 135
142 342 154 154 152
174 621 126 126 124
222 229 176 178 173
355 716 179 147 126
369 100 169 169 167
265 295 95 104 101
94 172 163 163 161
117 540 138 140 137
223 425 150 152 147
74 688 109 110 105
303 366 169 170 165
184 19 164 163 161
390 581 226 174 153
314 390 149 151 148
331 686 168 135 126
59 387 153 153 151
248 81 169 169 167
126 716 103 104 99
275 354 82 91 88
72 436 152 152 150
218 290 91 97 95
302 472 30 24 24
302 590 56 39 32
111 473 146 146 144
251 49 169 168 166
276 693 177 130 114
237 275 95 101 99
79 203 162 161 159
240 330 92 101 98
26 542 136 135 130
308 130 169 169 167
243 517 46 42 41
155 433 150 150 148
257 29 171 170 168
353 49 166 166 164
333 52 164 166 165
84 191 166 165 163
400 396 154 156 155
342 165 170 170 168
365 247 166 168 167
317 299 86 95 92
392 682 167 131 115
201 172 169 170 165
40 144 164 164 162
120 435 151 151 149
182 194 166 166 164
354 1 168 167 165
219 21 165 165 163
229 655 12 10 11
117 292 161 161 159
307 424 153 153 151
202 512 144 144 142
259 167 167 167 165
345 143 170 170 168
261 594 30 24 24
109 637 122 122 120
374 384 156 156 156
137 431 147 147 145
162 536 138 139 134
57 141 167 166 164
136 49 169 170 165
272 90 168 168 166
204 494 143 145 142
397 669 76 67 62
0 56 167 167 165
35 58 169 169 167
353 451 38 29 30
157 380 150 152 149
114 143 169 168 166
293 147 169 169 167
366 463 36 27 28
193 525 141 141 139
189 397 149 149 147
284 194 169 169 167
352 254 173 175 174
362 1 166 165 163
235 108 167 167 165
282 697 174 128 112
193 48 169 169 167
5 431 151 151 149
70 43 169 169 167
187 147 170 170 168
203 628 37 33 32
282 428 149 151 148
132 15 167 167 165
247 223 204 204 202
32 647 117 116 114
6 475 145 146 141
125 101 171 170 168
361 524 10 4 6
262 223 204 204 202
195 578 128 128 126
132 618 128 128 126
230 542 106 102 101
147 217 166 166 164
194 538 141 142 137
339 458 28 22 22
239 616 24 20 19
79 68 167 166 164
118 580 131 131 129
229 148 169 170 165
115 468 149 149 147
390 74 169 169 167
30 706 102 101 97
199 678 21 20 18
159 487 146 146 144
155 260 176 178 175
187 693 68 68 66
360 482 21 17 18
138 671 113 114 109
319 361 152 154 151
39 664 111 110 108
392 524 12 6 6
12 657 114 113 109
199 393 151 151 149
279 584 24 15 16
66 390 156 156 154
311 107 169 169 167
181 131 168 168 166
92 60 167 167 165
290 605 51 33 33
319 9 165 164 162
161 19 168 168 166
305 377 133 135 132
262 425 148 150 147
217 26 165 165 163
157 160 169 168 166
44 715 104 103 99
384 244 169 169 167
54 492 145 146 141
233 568 65 64 62
164 198 167 167 165
280 364 105 111 109
173 90 168 168 166
399 410 150 152 151
103 502 143 145 142
234 522 65 61 60
124 318 159 159 157
350 238 171 171 169
17 40 172 173 168
350 213 170 170 168
307 492 18 14 13
234 50 167 167 165
298 665 149 120 114
47 678 108 107 103
286 72 169 170 165
322 165 172 172 170
90 54 167 167 165
46 84 169 168 166
362 377 156 156 154
333 140 168 168 166
266 686 30 26 25
317 290 89 98 95
94 316 162 162 160
21 534 140 139 134
159 571 133 133 131
351 410 152 154 153
84 710 103 104 99
278 457 141 143 140
182 120 170 169 167
13 146 167 167 165
179 675 111 111 109
355 17 168 168 166
331 49 166 168 167
119 381 153 153 151
365 572 217 163 137
233 375 165 167 162
388 359 158 158 156
355 516 9 3 5
153 561 135 135 133
228 279 90 96 94
228 96 167 167 165
307 245 149 150 144
382 334 158 160 157
88 266 162 162 160
48 63 172 172 170
98 104 168 167 165
241 703 23 19 18
140 437 146 151 147
252 550 22 18 17
78 85 167 166 164
333 343 145 147 144
378 374 159 159 157
375 116 170 170 168
61 277 161 160 158
329 52 165 167 166
183 454 145 145 143
401 30 166 166 164
287 12 166 167 162
140 306 155 156 151
284 2 167 168 163
44 465 149 148 144
176 404 150 150 148
313 521 9 5 6
38 205 167 166 164
230 534 117 113 112
216 383 136 138 133
123 506 144 146 143
122 100 169 168 166
398 442 23 17 17
182 530 143 144 139
341 578 203 149 123
367 696 207 164 148
205 538 133 134 129
104 311 161 161 159
301 379 135 137 132
1 477 143 144 139
98 484 147 147 145
282 130 168 168 166
304 301 92 101 98
279 140 166 166 164
268 115 169 170 165
365 495 12 8 9
229 87 167 167 165
77 614 125 124 122
233 608 30 26 25
172 454 148 148 146
260 586 20 16 15
114 145 167 167 165
87 662 113 114 109
274 551 39 33 33
155 686 110 109 105
257 333 93 102 99
171 300 82 91 90
35 79 170 169 167
180 595 131 131 129
72 640 120 119 115
89 485 149 149 147
370 674 137 130 114
301 49 167 167 165
163 160 169 168 166
251 135 169 170 165
192 698 31 30 28
272 444 147 149 146
44 135 163 163 161
176 304 85 94 91
274 110 168 168 166
330 375 146 148 145
116 42 168 168 166
18 272 160 159 157
204 601 117 119 116
330 696 178 136 120
115 418 151 151 149
352 211 169 169 167
359 79 170 170 168
281 225 204 204 202
261 638 20 14 14
148 467 148 148 146
361 161 168 168 166
337 612 213 161 140
164 697 107 108 103
386 664 97 93 92
352 21 168 168 166
60 628 125 124 120
24 587 129 128 124
276 188 170 170 168
301 543 32 28 27
214 51 167 167 165
304 307 82 91 88
224 633 30 26 25
36 298 161 160 158
66 242 162 162 160
153 244 173 175 172
246 654 16 12 11
26 192 163 162 160
64 148 165 164 162
176 275 83 92 89
215 557 129 129 127
355 621 220 169 152
149 602 128 130 125
400 330 162 164 161
264 691 59 46 40
110 373 154 154 152
240 473 144 144 142
163 541 138 139 134
201 187 169 169 167
368 461 36 27 28
174 704 107 106 102
64 225 163 163 161
369 286 164 166 163
73 32 169 169 167
227 229 163 165 160
335 263 150 153 146
215 710 19 17 18
245 312 94 103 100
59 174 163 163 161
146 632 123 125 120
123 458 149 149 147
151 30 168 168 166
208 160 168 167 163
221 587 99 99 97
159 172 166 165 163
123 295 160 160 158
339 572 184 133 106
403 284 163 165 162
147 608 126 128 123
392 571 223 171 150
265 696 122 90 77
33 208 162 161 159
358 203 166 166 164
47 177 164 164 162
262 471 143 143 141
307 442 147 147 145
229 121 167 167 165
363 398 154 156 155
275 318 93 102 99
235 348 85 94 91
43 214 164 163 161
162 368 150 152 149
227 208 178 178 176
305 356 69 78 73
58 62 168 168 166
229 27 167 168 163
386 322 159 161 158
205 140 169 169 167
157 130 171 170 168
202 446 146 147 142
172 522 141 141 139
27 524 140 141 135
383 664 93 89 88
24 466 146 147 142
77 464 148 148 146
301 247 142 144 139
110 231 167 167 165
131 653 117 117 115
186 378 145 145 143
357 694 194 151 135
365 486 17 13 14
386 124 170 170 168
322 613 203 151 129
84 290 161 160 158
359 155 167 169 166
279 445 146 148 145
202 402 150 150 148
180 657 112 112 110
134 587 129 131 128
327 182 168 168 166
219 12 167 167 165
149 118 167 168 163
333 119 166 166 164
157 567 131 131 129
355 129 168 170 167
230 57 168 168 166
239 42 166 166 164
218 338 87 96 93
402 502 12 8 9
301 626 164 123 105
322 527 9 5 6
305 43 166 166 164
8 677 107 106 102
304 235 196 196 194
59 705 102 101 99
317 21 166 166 164
33 543 137 136 132
98 558 135 135 133
261 154 169 170 165
27 191 163 163 163
216 178 167 166 164
358 534 12 3 4
345 71 167 169 166
260 216 208 208 206
283 394 144 146 143
351 708 195 158 139
287 99 168 168 166
195 315 90 99 96
52 626 124 123 119
150 535 138 138 136
156 242 171 173 170
49 136 166 165 163
101 52 168 168 166
177 488 145 147 146
357 242 166 168 167
92 495 145 145 143
341 458 36 30 30
284 654 114 87 80
361 655 90 72 72
11 701 104 103 99
90 605 129 128 124
138 28 167 167 165
372 395 156 156 156
274 202 173 173 171
314 377 138 140 137
101 128 169 168 166
275 124 169 169 167
214 51 167 167 165
94 242 164 164 162
345 73 166 168 165
358 171 167 167 165
16 441 151 152 147
23 394 152 153 148
125 474 149 149 147
304 317 92 101 98
210 169 167 166 162
39 608 128 127 123
256 454 147 149 146
68 242 162 162 160
128 567 137 137 135
130 406 154 153 151
369 516 8 2 2
48 141 166 165 163
20 414 152 154 151
316 716 182 150 129
8 518 141 142 137
23 402 152 154 151
25 87 167 166 164
312 362 165 167 164
373 289 164 166 163
140 600 127 129 126
130 518 144 144 142
165 553 139 139 137
202 214 179 179 177
107 264 161 161 159
141 592 128 130 127
335 190 169 169 167
140 60 169 170 165
285 229 198 200 197
181 245 150 152 147
73 201 165 164 162
212 493 143 143 141
171 671 114 115 110
45 461 147 147 145
164 665 117 118 113
226 97 166 166 164
198 367 133 133 131
54 362 156 157 152
34 571 137 136 132
245 510 76 75 73
368 578 219 165 139
238 154 169 170 165
49 550 138 134 133
23 690 105 101 98
128 15 167 167 165
129 263 165 167 164
270 214 194 194 192
398 367 160 160 158
170 374 148 150 147
66 532 141 141 139
317 540 16 7 8
361 544 34 18 18
301 465 36 30 30
148 374 154 156 153
15 713 100 99 95
232 658 15 11 10
46 104 169 168 166
284 128 168 168 166
276 276 95 101 99
94 535 141 141 139
185 685 104 104 102
386 664 97 93 92
13 3 168 173 169
340 648 190 144 131
380 15 165 167 162
276 707 174 131 115
23 536 140 139 134
45 147 166 166 164
118 528 138 140 137
371 691 205 159 143
215 157 166 167 162
314 225 177 177 175
251 430 150 152 149
368 663 91 87 86
156 496 146 146 144
82 549 137 136 134
228 494 139 141 138
46 363 156 157 152
387 575 226 171 150
249 279 95 104 101
17 242 162 161 159
215 53 168 168 166
58 253 163 163 161
74 94 167 166 164
360 379 156 156 154
383 704 209 171 152
63 273 163 162 160
39 362 155 156 151
267 649 31 23 21
242 328 92 101 98
1 167 164 164 164
10 264 161 161 159
157 445 148 148 146
278 616 32 20 20
15 162 164 164 164
21 210 160 159 157
359 90 169 171 168
137 318 155 156 151
108 637 122 122 120
261 620 34 28 28
344 106 169 171 168
104 378 155 155 153
404 198 170 170 170
306 51 168 168 166
5 58 167 167 165
172 619 125 125 123
342 651 154 119 115
322 313 85 94 93
285 665 140 113 102
33 87 168 167 165
378 116 167 167 165
38 693 104 103 99
278 502 26 22 21
292 309 96 105 102
390 714 199 168 147
174 476 147 149 146
112 709 105 106 101
123 512 142 144 141
369 518 8 2 2
246 168 170 169 165
301 367 173 174 169
339 390 152 154 153
139 72 168 168 166
116 448 154 154 152
175 10 171 170 168
259 432 150 152 149
0 413 150 150 148
404 413 145 147 146
53 0 170 170 170
53 719 104 103 101
0 331 156 156 154
404 331 161 163 160
392 0 163 165 160
392 719 181 153 129
0 6 165 170 166
404 6 165 167 164
14 0 168 174 170
14 719 103 102 98
0 455 150 151 146
404 455 39 35 36
98 0 169 169 167
98 719 101 102 97
0 487 147 146 142
404 487 17 13 14
356 0 166 165 163
356 719 177 146 125
0 270 159 159 157
404 270 165 167 164
360 0 167 166 164
360 719 185 154 133
0 278 160 160 158
404 278 166 168 165
288 0 165 165 163
288 719 152 112 100
0 529 138 139 134
404 529 14 8 8
323 0 165 165 163
323 719 174 142 121
0 255 165 165 165
404 255 166 166 164
321 0 163 163 161
321 719 174 142 121
0 502 141 140 136
404 502 11 7 8
39 0 164 164 164
39 719 101 100 96
