232 413 134 97 88
84 386 165 133 119
180 191 31 23 24
300 424 161 161 161
244 380 208 156 143
206 293 205 164 153
373 212 177 177 175
268 353 111 94 84
218 559 100 81 66
298 336 44 42 43
115 434 98 76 63
152 334 124 109 92
109 439 138 105 93
344 139 124 124 126
147 152 64 70 66
30 514 89 88 84
290 475 72 63 61
205 458 117 82 73
212 489 115 88 78
159 477 98 79 72
79 357 116 104 97
178 429 185 127 123
273 363 48 49 53
189 385 181 127 117
97 372 105 59 54
108 432 101 72 66
343 363 152 151 149
357 426 177 176 172
127 292 87 65 62
238 344 104 98 93
238 337 138 119 110
247 445 111 83 74
403 331 196 197 195
368 554 85 84 84
322 265 148 147 145
302 403 177 177 177
215 482 143 110 99
262 383 182 142 132
269 314 89 66 59
254 270 67 36 29
109 545 134 109 108
191 578 112 93 91
104 424 76 72 65
200 456 116 81 73
84 368 194 137 118
211 424 180 103 103
344 132 126 125 123
210 325 123 98 97
341 402 179 179 179
351 398 173 173 173
268 330 83 61 61
220 420 160 86 85
335 480 140 139 135
303 417 210 210 210
106 396 120 84 75
225 197 75 75 76
267 228 104 106 105
279 361 61 66 70
173 405 141 107 98
204 462 167 121 106
250 267 128 83 71
396 177 152 154 153
180 191 31 23 24
76 496 92 89 85
89 106 156 161 155
232 376 183 132 119
139 115 109 114 109
105 400 143 98 83
209 447 131 97 87
217 536 142 94 74
208 319 164 134 129
225 402 91 61 55
339 519 78 78 76
98 532 112 94 80
348 384 177 177 175
214 188 130 126 125
261 413 107 89 82
157 123 167 169 166
202 502 115 83 68
195 310 136 99 91
89 160 121 126 122
176 422 141 77 77
88 365 192 134 118
153 141 108 110 109
121 227 32 28 27
133 347 196 154 136
109 442 140 108 93
121 438 94 77 69
134 223 31 27 26
84 371 206 153 136
262 411 82 70 64
170 188 76 72 71
294 501 69 62 56
277 389 94 94 92
232 433 167 117 106
171 480 105 86 80
88 284 74 73 71
225 327 96 57 59
269 427 71 66 63
248 265 125 77 63
