268 310 111 78 69
202 334 164 131 121
158 327 111 105 88
232 360 209 162 152
251 304 140 102 95
99 248 124 124 122
206 296 186 146 136
114 566 46 44 49
295 352 62 60 61
339 341 181 183 182
196 422 181 101 104
209 447 131 97 87
226 402 81 50 46
189 436 190 121 116
113 229 92 91 89
232 310 146 112 106
292 350 45 40 44
214 486 114 86 76
84 371 206 153 136
103 385 149 109 94
195 365 183 133 123
192 292 138 109 105
255 210 81 80 76
224 551 87 60 58
362 449 183 182 180
340 477 146 143 141
164 406 170 132 121
100 267 52 50 48
97 167 153 155 151
387 194 156 157 155
153 363 224 178 163
90 491 94 92 87
130 294 144 110 94
237 375 194 146 132
46 509 90 89 87
184 416 161 94 95
382 203 165 167 164
208 458 132 97 88
94 353 172 117 103
327 512 75 74 73
290 478 69 60 58
327 513 56 54 56
124 299 70 54 51
374 217 178 179 175
276 338 57 57 62
232 514 33 27 28
279 361 61 66 70
194 407 146 106 99
208 402 139 111 105
307 508 64 59 62
230 411 113 78 67
142 355 212 169 153
381 200 164 165 163
128 312 114 90 86
274 386 53 43 41
232 479 87 81 78
190 366 180 134 121
204 332 164 131 123
364 460 167 166 164
244 300 196 149 137
287 468 82 68 65
143 356 212 169 153
167 480 95 76 70
236 406 147 108 98
116 215 123 123 121
92 372 192 143 128
138 350 198 157 139
115 107 117 123 119
169 342 174 141 126
394 592 109 109 110
263 406 136 103 95
255 337 180 142 129
232 386 174 121 107
144 476 100 81 74
321 483 123 119 118
209 401 125 97 94
203 399 94 70 66
385 199 163 165 162
220 326 144 102 99
110 217 131 131 129
294 461 176 178 175
84 155 115 120 116
167 494 85 66 59
151 126 118 120 117
91 493 109 77 62
130 168 156 158 153
281 247 23 21 24
268 350 123 98 91
257 505 62 57 61
124 299 70 54 51
266 434 48 40 38
95 163 129 133 129
102 241 93 89 88
209 306 158 121 115
103 257 62 61 59
120 444 93 71 60
344 475 103 105 101
191 359 175 133 124
205 345 140 105 101
245 448 119 87 73
238 502 87 84 79
296 413 215 215 215
195 363 171 121 112
399 172 153 154 154
190 395 167 130 122
284 310 48 44 43
187 400 143 110 102
102 415 83 80 75
99 103 171 173 168
229 483 83 77 70
384 269 184 184 182
206 305 154 119 114
279 327 71 70 75
102 379 106 74 66
197 422 176 96 99
291 282 50 44 44
110 343 89 71 67
265 294 84 40 35
201 460 151 108 99
126 212 82 81 79
190 367 177 128 117
191 307 124 100 94
118 427 104 85 72
118 429 98 78 65
299 343 39 37 38
399 601 73 71 76
127 564 94 80 81
82 334 66 65 62
318 145 136 138 137
217 449 133 95 84
112 222 96 96 94
314 223 183 184 183
274 441 88 83 79
158 424 179 139 123
202 335 136 106 97
85 373 197 142 124
226 333 167 114 104
185 290 146 114 113
200 315 125 99 91
229 339 117 69 65
193 407 139 101 94
360 440 177 177 175
192 369 187 137 126
216 307 169 128 118
200 298 136 110 106
117 223 90 87 86
160 342 169 132 116
286 348 64 63 71
342 407 174 174 174
362 546 75 73 74
322 130 139 141 140
339 343 159 161 160
293 499 58 49 44
84 370 203 149 132
98 164 135 137 134
100 535 99 86 87
113 430 96 73 65
251 320 130 107 105
380 573 70 70 72
110 396 91 68 60
201 419 176 99 100
177 491 78 59 53
79 356 112 102 95
218 421 159 83 83
281 385 169 169 171
231 435 169 119 105
192 400 108 88 81
331 128 136 136 136
230 348 167 124 118
320 252 181 180 178
242 463 84 76 70
203 405 159 118 112
205 208 26 20 22
146 197 61 58 55
206 397 118 93 88
241 430 147 108 93
342 522 67 66 71
301 472 187 186 184
135 349 176 135 117
297 420 203 203 203
374 222 164 166 162
246 377 214 165 151
324 271 181 183 182
205 345 140 105 101
204 462 167 121 106
235 329 116 94 88
208 305 190 152 146
286 302 45 42 41
137 166 151 153 150
205 308 154 118 112
282 318 55 54 52
262 287 117 77 68
243 317 73 61 56
237 304 167 125 118
101 253 115 115 113
194 360 161 112 105
105 434 110 108 98
374 563 64 63 61
103 264 49 49 49
232 404 94 62 57
205 208 26 20 22
257 383 170 122 110
8 523 69 69 70
173 490 83 64 58
115 552 123 97 96
92 375 186 134 120
157 365 223 177 162
241 457 108 85 78
323 511 82 80 86
217 307 182 141 131
215 378 149 104 98
343 145 122 123 125
351 129 116 116 114
198 313 145 110 107
361 445 175 175 173
266 412 58 50 50
139 352 190 148 131
231 376 191 140 127
351 395 193 193 191
285 464 86 77 75
197 312 135 103 98
275 380 96 92 91
243 322 128 100 92
88 394 179 146 125
325 279 144 146 145
185 376 189 137 124
342 126 153 153 151
75 143 113 118 112
231 499 89 85 82
117 568 45 43 48
86 512 91 71 67
189 396 166 128 120
335 480 140 139 135
303 423 192 192 192
232 535 47 38 39
182 417 156 90 91
282 384 175 175 177
239 370 204 158 145
224 399 90 60 51
134 568 125 99 93
170 244 106 65 63
98 167 156 158 153
95 401 170 132 122
268 306 93 63 56
93 522 136 102 96
222 496 85 77 72
242 455 111 83 78
196 305 85 74 75
339 146 165 166 168
85 497 75 54 42
246 455 78 70 67
274 488 59 45 42
154 327 129 117 96
352 468 111 108 107
263 418 70 60 57
208 308 164 126 117
269 369 126 105 98
270 382 113 97 95
296 350 46 44 45
84 312 65 65 63
194 186 96 94 94
212 499 123 93 76
249 382 164 112 98
135 167 146 148 143
174 403 150 115 106
147 113 169 171 166
128 439 139 119 105
103 385 149 109 94
107 256 36 32 31
186 371 195 145 134
151 147 103 106 103
187 383 183 128 116
135 275 135 99 79
108 425 111 88 77
165 419 152 111 102
149 149 73 79 77
80 495 103 99 98
398 322 181 181 179
220 330 208 155 142
401 603 127 126 125
75 496 93 90 85
333 134 100 99 97
265 403 104 85 73
189 397 151 115 107
183 300 78 66 67
89 346 155 108 93
296 507 60 56 59
248 416 160 119 107
84 308 71 71 69
205 329 126 92 84
208 305 190 152 146
397 321 201 201 199
219 489 66 50 44
349 387 185 185 183
77 496 95 92 88
241 259 86 53 48
233 361 202 155 145
109 448 148 116 101
254 429 116 97 90
368 480 148 149 144
205 502 119 83 67
108 368 130 97 88
261 505 75 71 72
206 338 140 102 97
95 272 70 69 67
160 130 154 156 153
106 447 114 106 98
197 359 163 114 107
131 341 194 153 135
90 397 173 136 121
77 146 95 101 97
336 480 106 104 101
280 320 47 45 48
107 421 65 46 42
243 460 80 71 69
255 320 107 91 87
398 172 169 170 169
392 290 187 189 186
383 266 188 188 186
204 462 167 121 106
349 122 174 174 174
240 323 96 79 77
93 274 60 58 58
249 450 87 81 78
191 502 133 101 87
266 315 99 74 69
291 455 182 184 183
199 375 118 64 62
273 344 58 58 63
281 327 75 76 78
152 327 137 123 101
173 367 219 176 167
116 567 40 38 43
226 518 78 43 41
117 447 149 113 93
219 421 154 79 79
143 156 73 82 77
94 365 157 107 95
350 126 113 113 111
92 359 183 125 107
150 481 80 63 52
113 432 121 93 81
183 242 116 78 70
235 512 46 44 47
87 373 210 157 139
191 297 88 69 68
307 372 135 134 132
187 362 194 155 144
118 214 118 118 116
199 345 130 103 97
373 570 44 45 50
80 109 181 183 178
82 154 123 126 122
131 454 88 70 61
178 418 148 88 87
324 275 141 143 142
255 382 199 150 136
282 240 91 92 94
375 579 46 47 52
167 462 181 144 128
291 284 52 46 46
233 348 187 171 162
238 344 104 98 93
161 247 83 53 43
266 383 150 116 107
268 393 96 73 63
234 415 117 82 73
336 379 160 160 160
214 332 202 149 141
126 563 99 82 79
328 292 156 156 154
175 498 111 89 76
189 409 167 121 115
156 291 165 124 119
147 296 151 115 108
220 495 75 63 57
94 161 126 132 128
84 312 65 65 63
268 393 96 73 63
143 356 212 169 153
233 255 95 54 47
111 242 53 48 45
291 284 52 46 46
260 383 183 140 130
232 500 77 73 70
224 366 211 163 153
199 355 153 110 102
350 394 174 174 172
191 418 165 87 90
231 255 113 65 56
85 162 139 140 135
108 170 145 147 142
117 223 90 87 86
390 581 129 129 126
395 314 203 204 199
377 214 172 174 171
225 330 169 115 104
322 135 132 134 133
281 326 40 41 43
298 400 180 181 183
250 208 93 94 93
290 476 68 59 57
156 420 183 141 125
178 369 214 170 159
113 232 73 69 68
274 401 149 150 154
196 305 85 74 75
380 245 173 173 171
132 332 163 127 111
217 560 106 77 64
94 166 148 150 148
202 446 142 109 97
109 219 112 112 110
389 290 194 196 193
164 492 81 61 54
130 208 87 82 81
126 305 44 45 48
203 498 109 78 66
232 527 45 36 34
165 494 117 93 83
101 238 105 101 100
159 327 100 100 82
189 579 92 75 74
217 322 142 116 113
87 375 212 161 142
247 339 102 124 106
264 226 72 72 72
202 423 187 107 108
145 358 217 174 158
282 436 157 159 158
200 310 84 69 69
214 306 194 154 146
310 228 141 141 141
215 481 156 122 110
395 183 161 163 160
231 378 173 121 108
252 384 193 141 127
135 220 34 30 29
140 352 217 176 158
241 201 114 114 114
229 504 38 28 27
257 277 136 89 75
240 316 90 70 68
195 303 100 85 82
402 340 202 202 202
372 559 84 82 83
134 275 112 79 65
340 347 166 168 167
275 446 73 65 63
109 443 139 107 92
194 356 183 140 129
347 380 172 172 172
371 216 158 158 156
393 180 168 170 167
215 497 88 62 48
342 358 153 153 151
147 364 220 174 159
277 450 77 66 64
175 419 132 81 77
305 478 185 185 183
375 564 81 80 76
278 332 63 62 67
103 237 105 101 100
57 504 104 101 100
153 133 111 113 112
235 200 122 122 120
83 494 76 72 69
109 415 85 66 61
213 309 178 136 124
181 292 103 82 84
294 503 63 56 50
125 214 59 57 55
138 114 115 116 110
231 355 196 149 139
275 397 167 168 172
173 343 180 148 133
240 324 121 90 86
166 422 137 95 84
226 393 129 91 79
137 166 151 153 150
98 108 125 132 125
376 226 186 188 183
187 243 150 106 93
217 322 142 116 113
89 282 66 65 63
294 375 142 144 143
216 454 145 102 86
86 162 146 146 143
374 230 179 180 175
191 422 177 99 104
215 189 123 119 118
85 372 192 138 120
180 328 139 131 103
156 336 142 118 104
381 603 39 38 44
338 338 161 162 161
281 359 51 57 63
90 346 149 102 87
120 444 93 71 60
246 320 91 68 66
216 407 166 119 110
267 415 79 79 72
171 420 127 79 72
266 383 150 116 107
181 328 146 137 110
115 234 62 58 57
214 309 191 148 135
208 341 177 127 121
201 373 128 82 73
272 475 58 53 48
197 392 136 107 100
162 491 86 66 58
381 575 74 73 73
143 157 114 123 118
146 113 159 161 156
189 360 203 163 153
208 223 24 20 21
107 107 115 117 112
376 239 187 187 185
196 418 176 102 103
52 507 91 90 87
297 400 211 212 214
176 428 185 134 127
368 478 168 169 164
268 350 123 98 91
128 443 113 93 82
175 369 199 155 144
112 107 112 117 113
269 369 126 105 98
114 552 96 81 83
329 298 146 146 144
319 510 82 77 79
214 465 172 128 115
194 304 80 70 68
262 325 122 89 78
115 170 152 154 151
291 278 69 63 63
321 136 132 134 133
161 485 83 65 61
322 371 184 184 184
130 460 84 66 57
323 129 134 136 135
205 497 100 70 59
190 502 128 98 84
251 381 189 139 125
261 312 86 66 64
116 553 121 93 94
397 310 181 183 180
279 388 172 175 172
234 509 54 50 50
187 384 185 131 119
214 498 115 86 71
137 272 136 95 72
97 357 80 56 47
225 514 83 44 39
161 427 179 139 122
246 455 78 70 67
247 428 154 118 104
230 348 167 124 118
337 385 171 171 171
169 326 138 136 115
317 239 165 165 163
161 427 179 139 122
143 157 114 123 118
110 397 99 76 68
230 436 169 117 106
335 369 129 128 126
199 295 161 129 126
135 350 194 153 135
108 379 107 78 72
114 422 85 65 59
185 189 97 96 94
251 504 70 65 69
120 444 93 71 60
178 487 98 78 71
196 377 170 117 103
99 259 96 96 94
259 383 186 141 130
230 475 64 53 49
274 401 149 150 154
398 598 110 108 111
284 358 83 85 90
227 395 113 74 65
174 243 128 83 75
277 448 99 89 87
126 458 120 97 83
384 258 190 190 188
189 502 130 101 86
110 546 146 114 111
109 415 85 66 61
269 428 58 54 51
302 475 145 144 142
81 152 98 103 99
176 403 152 115 107
199 406 166 121 115
303 422 184 184 184
226 382 161 108 100
224 484 72 60 52
143 199 62 58 57
222 330 191 138 124
325 139 115 117 116
376 206 175 177 174
164 421 149 109 97
261 347 98 71 67
263 386 181 138 124
244 331 173 138 125
242 331 165 131 120
373 562 64 64 66
90 360 193 131 112
113 431 109 84 77
348 471 144 143 141
127 309 98 77 77
159 290 166 129 121
240 376 185 136 123
258 352 87 65 61
282 247 44 42 45
86 158 109 113 108
240 461 84 69 61
173 187 106 101 101
255 337 180 142 129
225 196 101 101 102
188 334 156 139 116
271 398 87 78 78
229 328 60 44 49
387 281 185 187 184
319 251 150 149 147
296 464 182 182 182
195 398 110 89 84
124 444 80 63 55
133 346 187 146 128
132 111 107 113 110
257 383 170 122 110
189 373 178 128 117
228 411 142 103 89
289 377 114 114 115
199 349 148 115 108
381 600 32 31 37
287 347 65 64 72
116 438 105 83 71
216 534 143 95 75
87 383 199 149 126
277 335 53 52 57
168 417 142 101 93
91 105 167 169 164
98 236 104 104 102
296 508 51 49 54
195 393 154 122 116
259 352 79 55 55
396 175 170 172 171
267 304 115 77 68
345 368 185 184 183
147 333 145 114 99
385 263 182 182 180
238 344 104 98 93
209 247 128 91 84
105 107 126 128 122
373 504 137 134 127
114 326 103 77 74
294 352 63 59 60
128 300 121 106 101
269 428 58 54 51
102 229 118 118 116
143 157 114 123 118
330 139 130 132 131
181 486 91 70 64
233 501 61 57 54
210 306 162 124 118
243 451 131 94 86
359 542 67 67 69
225 404 91 58 53
93 110 110 116 109
221 322 187 151 144
129 565 107 92 91
169 301 107 103 94
143 111 163 164 158
125 385 177 138 121
152 144 103 105 102
302 404 186 186 186
365 464 174 173 169
79 362 121 115 107
115 434 98 76 63
120 227 43 39 38
176 293 109 88 87
218 195 67 65 68
228 380 175 123 110
184 403 146 107 100
357 427 174 173 169
92 160 118 124 120
161 369 211 163 151
321 258 167 167 167
267 419 60 55 52
166 367 229 184 171
226 480 78 66 57
142 573 115 91 87
112 549 118 96 94
151 483 107 88 72
257 420 129 107 99
138 570 136 109 101
266 437 57 49 47
177 489 88 68 61
84 499 129 88 76
224 311 192 154 144
145 119 115 122 114
361 544 81 79 79
303 420 196 196 196
279 429 140 138 139
306 507 78 74 75
137 202 122 121 119
181 192 35 26 27
108 350 107 77 72
217 405 133 95 89
221 214 34 28 28
279 453 92 83 81
322 140 122 124 123
115 322 101 77 68
331 306 151 152 152
230 335 147 99 91
261 386 186 140 125
206 345 167 126 121
34 513 83 83 80
227 382 146 93 85
292 341 44 42 47
200 456 116 81 73
123 219 56 55 53
392 300 187 189 186
268 350 123 98 91
284 249 69 69 71
181 242 125 87 80
376 567 56 56 53
74 128 108 114 110
222 402 102 73 67
104 251 80 79 77
130 335 194 156 136
121 421 143 115 103
161 333 74 89 68
298 344 39 37 38
222 509 106 60 49
269 381 155 133 123
95 161 115 121 117
151 366 221 175 160
163 293 115 91 93
112 413 86 68 63
160 332 87 103 84
217 194 71 68 71
274 398 118 119 123
143 574 103 84 85
111 339 80 63 58
230 437 174 123 111
327 285 175 177 176
347 139 133 133 135
272 476 61 56 52
183 329 138 129 102
282 247 44 42 45
275 414 145 147 144
274 411 133 135 129
113 407 108 86 76
298 344 39 37 38
103 385 149 109 94
303 421 187 187 187
289 451 182 184 183
131 566 121 102 98
236 520 38 36 39
220 389 146 106 98
233 478 86 80 77
286 466 84 74 72
324 274 150 152 151
377 233 173 174 169
265 328 114 85 75
273 425 96 98 93
396 315 185 187 184
267 417 71 69 63
106 398 122 86 75
220 497 44 31 29
137 308 83 81 81
124 561 114 97 92
90 386 191 140 120
381 541 127 125 118
324 138 109 111 110
219 558 84 68 60
216 404 139 105 100
160 472 114 93 82
138 351 173 132 114
282 351 80 81 89
198 293 162 127 122
185 415 173 106 107
285 253 59 59 57
292 293 44 40 39
257 213 95 95 93
109 236 67 63 62
340 520 72 72 73
241 373 199 151 139
235 263 190 137 119
226 520 77 42 40
326 512 68 66 67
90 165 138 139 137
237 469 62 54 50
217 518 147 99 80
174 332 101 116 89
265 400 141 107 94
274 343 68 69 73
144 575 100 80 80
265 328 114 85 75
99 248 124 124 122
152 193 84 79 78
210 335 186 133 125
302 403 177 177 177
380 253 177 177 175
106 408 57 38 34
199 348 142 112 104
212 188 49 45 44
121 424 142 115 102
296 374 120 121 122
346 140 122 122 124
266 441 75 70 68
85 388 180 138 125
180 328 139 131 103
166 411 133 96 88
342 355 177 177 175
92 375 186 134 120
138 166 147 149 146
86 159 130 131 128
69 498 83 83 83
71 117 162 164 161
297 348 67 66 63
351 130 138 138 139
275 446 73 65 63
269 427 71 66 63
195 407 155 114 107
269 367 125 104 98
403 331 196 197 195
161 302 120 115 101
195 310 136 99 91
282 351 80 81 89
145 259 131 81 70
387 283 197 199 196
213 332 196 143 135
281 352 74 78 85
288 299 52 51 47
391 295 178 180 177
377 569 58 58 59
159 425 180 141 124
334 128 120 120 120
345 421 177 177 177
326 284 145 147 146
233 516 44 41 42
376 237 171 172 168
289 453 136 138 137
281 359 51 57 63
265 400 141 107 94
147 333 145 114 99
210 325 123 98 97
206 337 143 106 100
47 509 78 76 78
90 165 138 139 137
228 395 151 104 96
374 211 171 172 169
70 117 170 172 169
324 139 130 132 131
140 472 87 67 58
101 376 99 65 63
262 386 186 141 127
198 293 162 127 122
119 434 92 73 61
232 423 144 92 84
110 102 174 176 173
64 500 78 79 77
247 425 140 104 90
91 399 150 128 120
225 550 81 55 58
102 265 71 71 71
326 371 173 171 173
368 477 173 174 169
278 379 73 69 68
167 410 133 98 92
268 388 145 112 102
234 415 117 82 73
197 185 87 86 86
247 382 210 158 143
268 357 124 107 97
327 285 175 177 176
119 443 98 74 63
320 370 113 113 113
90 111 115 122 116
374 505 170 169 163
129 444 123 103 93
211 186 120 122 121
196 244 158 115 104
245 381 209 159 145
286 447 132 132 132
255 348 102 103 93
340 129 137 137 133
335 377 171 171 171
131 284 118 85 71
340 126 158 158 156
217 398 114 83 78
209 407 185 136 128
268 330 83 61 61
130 334 186 149 129
111 553 60 59 64
187 579 119 94 89
83 380 174 136 123
281 327 75 76 78
209 379 109 66 60
256 335 180 137 125
268 403 76 68 66
274 493 78 71 65
98 232 128 128 126
207 448 125 92 83
204 381 131 82 72
206 335 141 103 97
284 325 60 61 63
150 482 113 89 76
183 334 145 133 111
233 348 187 171 162
273 424 84 87 79
372 223 178 178 176
344 139 124 124 126
240 259 101 62 53
232 344 117 98 92
207 461 168 122 107
227 416 169 105 98
321 258 167 167 167
283 383 187 187 189
334 517 74 69 73
77 146 95 101 97
163 582 95 78 78
320 254 160 159 158
243 376 158 108 98
380 597 41 40 46
175 328 107 116 91
245 412 158 119 104
355 417 175 175 173
386 197 164 166 163
179 332 119 123 96
268 229 91 93 92
99 108 114 121 114
91 277 75 75 73
111 165 130 133 131
356 423 166 165 163
347 427 170 168 169
209 461 167 123 110
258 221 88 88 86
291 484 62 53 48
251 208 88 89 88
293 499 58 49 44
281 359 51 57 63
396 596 76 71 77
275 355 67 75 78
131 340 191 151 133
215 402 118 88 80
140 473 114 91 79
135 215 39 33 33
204 373 122 78 71
219 326 156 113 109
196 359 155 107 98
373 570 44 45 50
206 317 84 72 65
163 247 107 73 60
349 526 86 86 87
146 256 76 47 41
403 333 187 188 186
72 116 164 166 163
203 399 94 70 66
160 130 154 156 153
129 565 107 92 91
212 499 123 93 76
375 235 184 185 180
233 478 86 80 77
190 367 177 128 117
186 362 204 168 154
284 304 52 49 48
271 470 69 60 55
161 427 179 139 122
125 385 177 138 121
200 373 149 101 91
302 412 188 188 188
107 355 106 78 75
164 335 98 100 80
223 490 70 66 60
373 226 176 176 174
108 164 104 108 107
213 495 69 49 38
212 380 98 51 43
339 391 161 161 161
134 342 175 137 119
237 464 94 76 67
176 481 124 102 94
346 523 85 85 85
183 334 145 133 111
324 129 132 132 131
36 512 91 91 91
206 185 72 69 70
141 159 125 128 124
403 334 181 183 181
98 270 51 48 47
266 412 58 50 50
378 205 162 164 161
343 522 74 73 77
340 396 169 169 169
265 295 99 52 40
