43 37 167 167 165
12 136 167 166 164
67 240 162 162 160
125 708 107 108 103
390 546 194 141 123
146 125 168 169 164
269 387 134 136 133
114 182 165 165 163
161 655 119 119 117
215 607 40 36 35
64 459 148 148 146
19 414 151 153 150
245 203 176 175 173
362 484 19 15 16
120 44 168 168 166
287 25 165 165 163
157 716 104 103 99
160 513 141 141 139
62 224 160 160 158
238 426 147 149 144
17 371 155 156 151
156 195 166 166 164
293 51 168 168 166
241 196 173 172 170
355 563 192 138 112
161 620 125 125 123
42 623 124 123 119
336 154 169 169 167
192 73 170 169 167
32 38 171 171 169
322 65 166 168 165
366 155 169 171 168
340 65 164 166 163
118 402 156 155 153
154 77 169 169 167
13 137 166 165 163
83 22 166 166 164
70 409 154 154 152
352 562 188 134 108
1 387 154 154 152
70 442 151 151 149
195 409 148 148 146
102 310 160 160 158
305 147 166 166 164
187 642 108 108 106
202 488 144 146 143
57 561 131 131 129
86 36 169 169 167
333 369 145 147 144
284 132 168 168 166
105 708 105 106 101
291 118 169 169 167
368 495 18 14 15
110 423 149 149 147
370 326 157 159 156
218 60 167 167 165
32 243 165 164 162
382 466 20 14 16
204 82 166 166 164
85 687 108 109 104
21 364 155 156 151
298 176 165 165 163
197 440 148 149 144
95 75 170 170 168
69 520 141 141 139
121 204 162 162 160
298 31 167 167 165
138 274 165 167 162
147 327 144 143 139
290 224 205 207 204
362 485 17 13 14
372 406 153 155 154
92 468 151 150 148
226 477 146 148 145
19 269 161 160 158
163 111 170 171 166
20 532 141 140 135
274 717 168 124 113
195 450 147 147 145
162 295 117 124 116
115 345 157 157 155
283 14 165 166 161
280 362 82 91 88
403 666 77 67 68
396 408 152 154 153
402 695 171 124 106
360 562 200 146 120
155 389 152 152 150
399 346 160 162 159
403 288 162 164 161
371 86 169 169 167
221 282 92 98 96
156 557 137 137 135
356 203 166 166 164
354 152 166 168 165
377 580 225 171 147
194 257 79 88 85
248 646 19 15 14
4 289 158 158 156
16 18 168 168 166
0 505 141 140 136
404 505 9 5 6
251 0 169 170 165
251 719 39 35 34
0 703 101 100 96
404 703 184 137 119
219 0 167 167 165
219 719 16 14 15
0 355 156 156 154
404 355 159 161 158
42 0 169 169 169
42 719 105 104 100
0 46 167 167 165
404 46 169 169 167
391 0 163 165 160
391 719 186 158 136
0 446 148 149 144
404 446 34 30 29
244 0 167 168 163
244 719 30 29 27
0 669 111 110 106
404 669 86 76 77
132 0 167 167 165
132 719 106 105 101
0 613 125 124 122
404 613 228 177 158
145 0 170 169 167
145 719 107 106 102
0 534 138 139 134
404 534 43 28 25
228 0 167 168 163
228 719 16 14 15
0 201 164 162 163
404 201 169 169 169
300 0 163 163 161
300 719 186 158 137
0 295 157 157 155
404 295 164 166 163
111 0 170 170 168
111 719 106 107 102
