641 677 149 157 186
556 1161 140 146 135
622 713 122 123 144
128 1007 194 212 213
703 393 13 15 3
22 287 255 255 255
142 490 255 255 255
454 136 255 255 255
712 956 12 15 6
627 504 11 13 7
630 886 2 5 3
473 1221 156 167 147
380 507 48 47 67
132 516 254 253 255
29 1222 118 141 167
564 24 222 228 203
626 375 31 30 26
75 1067 93 111 140
60 509 255 255 255
2 1207 103 123 148
0 18 225 241 230
719 18 230 235 208
165 0 222 228 211
165 1279 94 118 148
0 263 249 255 254
719 263 249 238 210
264 0 222 225 203
264 1279 87 108 116
0 781 233 241 240
719 781 98 92 79
475 0 237 240 218
475 1279 89 116 142
0 162 251 251 251
719 162 253 254 228
512 0 255 255 236
512 1279 103 123 140
0 630 247 252 251
719 630 98 103 82
412 0 226 228 208
412 1279 108 127 162
0 869 220 230 230
719 869 2 7 0
462 0 238 242 217
462 1279 95 118 140
0 953 203 215 217
719 953 8 6 5
427 0 234 236 216
427 1279 76 98 133
0 96 242 255 247
719 96 255 255 254
474 0 237 240 218
474 1279 94 121 147
0 1063 80 103 129
719 1063 104 117 103
573 0 224 233 207
573 1279 107 126 147
0 64 238 250 238
719 64 255 254 234
121 0 224 235 225
121 1279 91 111 129
