637 681 180 158 147
175 174 237 247 249
58 1154 147 112 93
382 900 26 19 11
429 817 23 8 1
353 277 241 245 254
577 810 2 2 0
243 1142 81 60 41
507 309 246 254 255
408 154 247 255 255
626 573 14 16 13
651 586 13 17 18
540 293 224 228 237
330 52 217 228 232
556 537 5 5 5
285 922 184 186 185
334 463 240 237 246
184 1092 151 116 94
133 1039 174 157 137
469 326 247 255 255
524 248 254 254 254
118 918 229 231 218
369 497 84 69 72
40 1076 117 88 72
329 641 188 140 130
27 731 249 248 243
138 443 255 255 255
108 1009 212 209 192
678 644 177 160 152
132 1017 206 205 187
176 954 226 228 215
634 1055 130 141 133
274 359 241 239 250
700 1075 112 121 118
543 908 180 191 187
29 368 255 255 251
34 814 243 244 238
527 514 10 8 9
593 225 215 236 241
588 398 255 254 255
230 1002 196 198 193
56 1097 121 105 89
298 564 16 7 10
186 892 218 217 212
70 1008 203 206 189
129 1279 165 124 104
369 575 31 20 16
410 1240 165 129 115
410 1115 132 100 87
265 411 244 242 255
383 168 239 246 252
228 1040 130 100 89
539 18 199 211 207
634 1192 122 134 124
298 835 14 5 0
84 164 252 254 251
583 140 243 255 253
224 1161 73 52 33
170 93 232 241 248
172 707 43 25 21
22 758 245 246 240
39 1042 139 110 96
17 196 251 255 250
659 1123 122 137 130
258 530 237 235 240
480 448 195 197 212
122 487 254 254 254
127 127 248 254 242
98 710 255 248 246
342 1230 137 110 89
688 272 82 93 155
208 642 90 56 55
219 236 239 248 253
385 814 78 48 38
260 939 205 211 209
347 1191 112 85 64
652 1057 124 133 130
34 101 247 248 243
617 562 6 6 8
716 486 8 17 16
13 1043 145 109 95
187 1158 128 96 75
146 232 254 255 249
409 621 231 174 167
75 866 236 237 229
582 794 2 2 0
275 848 10 6 3
607 59 187 219 216
658 259 247 255 255
201 970 205 210 204
332 988 157 148 133
456 630 199 144 139
331 1150 127 96 75
429 190 255 255 255
500 180 252 255 255
513 1138 147 160 153
466 1132 122 95 78
185 12 214 230 227
168 1079 136 105 87
4 900 227 229 218
167 1093 140 105 85
657 1011 127 138 130
699 1089 109 114 107
221 647 167 118 111
120 550 255 255 255
597 869 17 17 17
116 493 255 255 255
654 922 8 14 12
544 572 8 7 3
39 592 255 255 255
388 909 24 20 17
465 814 3 2 0
707 633 13 14 16
542 14 192 199 207
212 1149 142 105 86
6 301 250 255 251
417 185 251 255 255
549 322 239 253 254
514 753 97 70 63
350 665 227 161 162
685 765 87 90 95
107 688 226 225 223
401 181 245 255 255
456 190 255 255 255
508 783 32 22 12
594 679 157 136 133
426 932 41 49 51
406 932 118 118 118
440 573 0 2 0
263 1064 144 111 94
170 165 237 247 249
384 407 239 237 250
92 618 255 253 254
340 55 224 234 233
280 959 199 201 196
717 533 85 90 96
190 20 217 231 232
41 103 246 248 243
166 111 228 237 242
109 1167 103 82 63
207 881 193 199 197
687 22 190 219 217
48 816 241 242 236
477 632 144 110 100
44 911 229 230 224
547 53 189 209 208
498 805 3 2 0
461 411 252 252 254
550 753 6 5 1
213 186 235 244 251
597 857 9 9 9
716 1015 6 15 12
68 126 250 252 247
696 68 255 255 255
26 817 240 241 235
531 292 255 254 255
21 301 254 254 254
369 908 42 38 37
320 509 119 117 118
390 781 145 100 97
364 172 237 248 252
537 988 72 54 40
326 784 142 98 97
579 509 1 1 0
303 266 240 247 255
266 848 4 4 4
606 658 194 167 160
593 831 7 7 5
353 1151 70 52 30
525 343 239 248 253
424 771 153 103 104
289 833 10 5 0
335 488 238 237 242
520 1069 137 144 137
44 254 253 255 254
94 76 247 248 240
528 518 12 11 9
47 233 254 255 251
63 774 247 244 237
310 1074 125 114 86
196 772 84 55 47
163 362 248 246 247
423 636 244 172 173
93 206 254 255 250
518 1119 146 160 147
111 496 255 255 255
107 277 255 255 251
581 613 173 145 142
461 740 159 62 82
284 505 244 236 247
455 1209 93 82 64
173 149 222 231 240
308 825 11 8 3
196 389 250 251 253
375 728 219 151 152
244 676 209 149 148
442 444 241 239 250
508 493 26 25 23
370 692 228 152 152
681 703 149 134 127
174 25 214 235 230
315 1064 125 114 92
391 1225 126 114 88
28 393 255 255 255
715 810 42 46 47
157 549 255 253 248
654 981 25 40 35
491 302 240 251 255
600 752 89 69 58
502 224 255 255 255
597 368 244 254 245
571 845 0 9 15
573 560 5 0 0
237 1000 192 198 188
357 788 106 66 64
531 767 18 11 5
86 527 254 254 254
585 1216 134 145 137
649 559 55 72 66
160 691 38 31 25
423 490 123 111 113
92 203 253 254 249
465 824 2 2 0
143 1207 152 115 99
291 833 8 3 0
94 751 250 246 237
655 233 107 153 176
110 105 247 248 243
145 1103 139 102 86
7 350 254 255 250
100 1201 158 121 102
29 1256 165 128 109
696 1091 112 119 112
309 281 241 245 254
384 350 207 219 219
518 1239 139 151 137
466 428 253 253 255
279 898 103 111 113
704 1220 109 126 116
94 193 254 255 250
60 1139 136 118 96
195 195 236 243 249
521 928 179 185 183
596 1198 130 146 136
624 1110 144 155 151
604 896 82 87 83
618 1074 144 154 146
401 1153 112 85 64
632 789 0 2 1
274 733 196 140 143
215 351 241 245 254
55 460 255 255 255
319 1059 118 112 88
305 461 242 239 250
343 38 211 232 227
434 691 64 30 31
354 1073 86 69 51
541 716 108 81 72
180 28 216 232 229
687 655 164 150 141
9 691 250 251 246
232 728 206 142 140
550 241 225 238 244
633 255 113 94 158
391 992 131 99 86
618 1120 137 146 141
678 347 20 26 26
108 1049 147 111 97
88 1122 147 112 93
374 1202 112 77 57
434 780 147 106 104
407 1081 129 108 89
224 851 30 25 19
177 916 229 230 214
521 1030 92 86 64
538 284 253 253 251
116 1230 157 123 96
490 962 162 164 153
629 264 102 81 150
613 1183 126 137 129
568 846 0 4 7
419 611 210 155 150
607 1191 128 140 130
41 800 242 243 235
608 453 16 22 22
270 107 228 239 245
242 294 241 245 254
337 1170 69 51 31
224 298 239 246 254
546 184 219 239 240
362 796 107 66 64
492 1217 151 164 157
320 921 97 93 107
34 987 210 211 197
132 625 255 251 248
52 99 246 249 242
96 1147 129 102 81
647 801 2 4 3
199 363 247 251 252
619 164 246 255 255
433 409 252 251 255
241 81 230 235 241
275 789 115 85 85
23 783 244 245 237
174 579 251 245 245
493 830 3 2 0
481 1243 114 95 80
568 646 132 117 112
688 746 62 86 88
304 429 241 238 247
496 585 6 0 0
599 812 2 2 2
588 902 147 158 154
696 1016 78 86 75
624 1277 127 130 119
292 274 239 246 252
402 1196 101 85 60
403 942 81 91 92
641 875 1 3 2
187 720 188 135 129
24 808 239 240 232
90 382 255 255 255
198 824 28 25 18
352 378 240 239 247
70 271 254 254 252
140 1052 146 110 96
519 1001 127 94 75
76 789 249 246 237
254 542 236 230 232
671 262 255 255 251
481 1047 125 99 82
442 883 17 12 6
434 1187 110 79 61
432 516 15 12 7
506 1238 143 155 141
674 506 7 12 15
218 960 207 209 208
638 230 247 255 255
465 582 2 1 0
102 1023 201 203 181
45 811 242 243 238
169 195 239 249 250
417 10 214 236 233
678 628 164 144 137
508 252 197 216 230
382 744 179 121 120
563 953 177 194 184
603 1172 129 141 131
392 363 241 241 243
161 114 227 238 240
390 433 236 234 247
466 424 254 254 255
581 699 86 72 71
576 143 249 253 254
425 931 39 45 45
695 305 50 59 56
595 235 91 111 135
100 948 224 226 215
494 984 82 61 44
595 434 25 28 35
143 120 223 223 213
502 45 191 214 220
543 1056 148 164 153
18 1051 118 86 73
444 976 122 84 71
673 20 249 255 255
661 1168 123 136 127
286 322 238 245 251
347 221 241 250 255
437 826 9 10 4
296 98 228 237 242
567 175 222 236 247
682 781 77 86 91
154 1018 195 190 171
165 934 226 228 215
692 968 6 12 10
494 366 243 251 254
478 715 180 99 114
148 1222 151 117 90
452 1188 73 55 31
487 587 3 2 0
484 853 6 5 1
654 882 0 9 8
480 0 222 242 240
574 1121 130 142 130
408 753 132 83 87
424 50 235 250 255
502 226 255 255 255
655 1202 122 133 127
92 981 221 219 204
610 853 1 1 0
217 1277 117 120 91
571 734 1 1 1
200 380 250 249 254
686 579 81 88 94
5 659 249 250 245
454 688 172 76 103
380 1176 116 81 61
459 899 11 12 6
534 1186 141 153 143
311 157 233 242 251
4 1066 141 108 89
142 467 255 255 255
164 954 225 226 208
615 778 2 2 2
72 730 255 249 243
118 608 255 254 252
281 1025 137 104 87
533 225 255 255 255
202 108 230 237 245
616 380 33 34 36
620 766 2 2 0
167 1095 133 102 81
703 2 226 255 251
413 383 249 248 254
455 805 63 34 30
292 66 223 233 234
594 466 6 12 10
562 106 218 236 236
664 911 1 10 7
493 801 2 1 0
510 925 166 177 171
29 635 255 254 249
331 76 218 233 240
1 925 221 223 212
507 149 203 226 234
204 61 226 238 238
425 643 240 168 169
345 935 139 151 151
27 1093 126 97 83
526 549 15 14 12
536 1047 152 164 152
87 1171 121 93 79
550 68 191 217 214
233 593 57 39 39
207 148 224 232 235
678 784 79 89 91
538 7 241 255 255
483 556 3 3 3
256 134 218 222 225
274 207 236 247 251
486 496 42 32 30
502 854 2 2 0
277 800 114 86 85
688 528 87 92 98
64 258 254 254 252
248 5 208 230 227
413 560 20 10 8
678 94 255 255 255
86 172 250 255 249
429 512 14 14 6
619 297 121 34 149
579 134 238 254 253
635 659 201 174 167
494 755 132 93 94
494 1149 153 166 157
286 203 236 245 250
669 1256 126 144 132
33 120 250 251 246
187 749 57 39 35
140 1259 168 126 102
237 291 241 246 252
50 1221 151 126 95
461 983 115 107 84
685 290 136 158 172
218 134 229 242 251
78 990 215 218 201
409 628 247 183 181
234 534 247 242 249
175 207 240 241 245
43 985 214 214 202
109 207 254 255 250
608 408 22 31 30
503 1216 146 166 155
677 390 15 21 19
224 264 233 240 246
718 221 213 241 245
610 1173 128 140 128
576 1035 157 170 160
450 1053 138 103 84
395 197 243 255 255
346 132 236 247 249
137 286 255 255 255
110 783 232 232 222
535 30 251 255 254
44 771 245 245 237
615 218 223 242 249
426 1279 149 113 89
620 197 236 255 253
607 230 225 254 255
366 947 186 185 180
28 382 255 255 255
665 550 87 96 101
152 893 233 233 223
498 1230 151 161 152
597 835 3 3 3
504 56 195 215 224
465 1247 144 121 103
698 606 81 101 102
182 728 97 72 65
0 421 253 253 251
719 421 6 16 17
614 0 208 237 235
614 1279 121 109 85
0 894 228 231 222
719 894 3 9 9
154 0 210 226 223
154 1279 145 115 91
0 1110 94 71 55
719 1110 97 108 100
434 0 215 238 232
434 1279 131 124 98
0 95 245 251 241
719 95 245 254 253
37 0 231 239 228
37 1279 161 125 103
0 1107 100 67 58
719 1107 100 109 104
16 0 225 237 225
16 1279 132 117 96
0 303 249 255 255
719 303 17 29 27
289 0 186 208 206
289 1279 168 140 118
0 732 243 245 242
719 732 72 80 82
608 0 207 237 225
608 1279 145 145 119
0 168 251 253 242
719 168 228 254 255
181 0 210 226 226
181 1279 150 128 104
0 630 251 252 247
719 630 82 103 98
270 0 200 219 215
270 1279 119 115 88
0 562 250 252 251
719 562 80 90 99
186 0 211 227 226
186 1279 151 127 103
